[[ -1.00000000e+00  -1.00000000e+00  -1.00000000e+00]
 [  1.00000000e+01   4.12909692e-01   1.07442406e+01]
 [  1.00000000e+02   4.53511328e-02   1.18671649e+01]
 [  5.00000000e+02   1.83196078e-02   2.21914342e+01]
 [  1.00000000e+03   6.45778846e-03   3.66126657e+01]]

[[ -1.00000000e+00  -1.00000000e+00  -1.00000000e+00]
 [  1.00000000e+01   1.00722436e+00   9.89306133e+00]
 [  1.00000000e+02   1.69660405e-01   1.13858120e+01]
 [  5.00000000e+02   1.64808294e-02   2.36785117e+01]
 [  1.00000000e+03   1.52622562e-02   3.76915710e+01]]

[[ -1.00000000e+00  -1.00000000e+00  -1.00000000e+00]
 [  1.00000000e+01   5.42146931e+00   8.02217941e+00]
 [  1.00000000e+02   8.07510600e-01   1.16549659e+01]
 [  5.00000000e+02   1.19047351e-01   2.73112128e+01]
 [  1.00000000e+03   5.80907056e-02   4.74499383e+01]]

[[ -1.00000000e+00  -1.00000000e+00  -1.00000000e+00]
 [  1.00000000e+01   3.41140033e+00   7.86072327e+00]
 [  1.00000000e+02   5.28033369e-01   1.10198954e+01]
 [  5.00000000e+02   9.52220585e-02   2.45162189e+01]
 [  1.00000000e+03   3.43066328e-02   4.11229082e+01]]

[[ -1.00000000e+00  -1.00000000e+00  -1.00000000e+00]
 [  1.00000000e+01   2.17101990e+00   7.91657711e+00]
 [  1.00000000e+02   1.08900379e-01   1.11804442e+01]
 [  5.00000000e+02   3.14284405e-02   2.54675484e+01]
 [  1.00000000e+03   1.92972243e-02   4.37603086e+01]]
