TITLE = "Visualization of the surface solution"
VARIABLES = "x","y","Conservative_1","Conservative_2","Conservative_3","Conservative_4","Conservative_5","Pressure","Pressure_Coefficient","Mach", "Temperature", "Laminar_Viscosity", "Skin_Friction_Coefficient", "Heat_Flux", "Y_Plus", "Eddy_Viscosity", "Sharp_Edge_Dist"
ZONE NODES= 256, ELEMENTS= 256, DATAPACKING=POINT, ZONETYPE=FELINESEG
1.000000e+00	5.352203e-08	1.330275e+00	0.000000e+00	0.000000e+00	2.896345e+05	1.000000e-10	1.158538e+05	2.380709e-01	0.000000e+00	3.033886e+02	1.861906e-05	1.141354e-05	-3.029185e-04	2.956322e+01	1.355555e-28	0.000000e+00	
9.979658e-01	2.881795e-04	1.330417e+00	0.000000e+00	0.000000e+00	2.894306e+05	1.000000e-10	1.157722e+05	2.203480e-01	0.000000e+00	3.031427e+02	1.860749e-05	1.407468e-03	-6.966590e-03	2.787250e-01	1.358665e-28	2.054475e-03	
9.957821e-01	5.967887e-04	1.330015e+00	0.000000e+00	0.000000e+00	2.893300e+05	1.000000e-10	1.157320e+05	2.116066e-01	0.000000e+00	3.031290e+02	1.860684e-05	1.193210e-03	-5.866075e-03	2.558024e-01	1.357164e-28	4.259930e-03	
9.979658e-01	-2.881795e-04	1.329916e+00	0.000000e+00	0.000000e+00	2.895135e+05	1.000000e-10	1.158054e+05	2.275534e-01	0.000000e+00	3.033436e+02	1.861695e-05	1.698600e-03	-9.975720e-03	3.059847e-01	1.354555e-28	2.054490e-03	
9.934385e-01	9.270489e-04	1.329730e+00	0.000000e+00	0.000000e+00	2.892218e+05	1.000000e-10	1.156887e+05	2.022023e-01	0.000000e+00	3.030805e+02	1.860456e-05	1.043777e-03	-5.242114e-03	2.385569e-01	1.356502e-28	6.626694e-03	
9.957821e-01	-5.967887e-04	1.329454e+00	0.000000e+00	0.000000e+00	2.893993e+05	1.000000e-10	1.157597e+05	2.176264e-01	0.000000e+00	3.033294e+02	1.861628e-05	1.554718e-03	-8.565038e-03	2.917832e-01	1.352818e-28	4.259945e-03	
9.909241e-01	1.280290e-03	1.329349e+00	0.000000e+00	0.000000e+00	2.891134e+05	1.000000e-10	1.156454e+05	1.927840e-01	0.000000e+00	3.030537e+02	1.860330e-05	9.995556e-04	-5.140948e-03	2.327994e-01	1.355224e-28	9.165706e-03	
9.934385e-01	-9.270489e-04	1.329156e+00	0.000000e+00	0.000000e+00	2.892795e+05	1.000000e-10	1.157118e+05	2.072120e-01	0.000000e+00	3.032719e+02	1.861357e-05	1.402358e-03	-8.105524e-03	2.763207e-01	1.352194e-28	6.626709e-03	
9.882276e-01	1.657893e-03	1.328930e+00	0.000000e+00	0.000000e+00	2.890086e+05	1.000000e-10	1.156035e+05	1.836759e-01	0.000000e+00	3.030393e+02	1.860262e-05	1.024086e-03	-5.599017e-03	2.350175e-01	1.353666e-28	1.188851e-02	
9.909241e-01	-1.280290e-03	1.328758e+00	0.000000e+00	0.000000e+00	2.891639e+05	1.000000e-10	1.156656e+05	1.971699e-01	0.000000e+00	3.032413e+02	1.861213e-05	1.349820e-03	-8.216803e-03	2.703421e-01	1.350892e-28	9.165721e-03	
9.853369e-01	2.061293e-03	1.328501e+00	0.000000e+00	0.000000e+00	2.889074e+05	1.000000e-10	1.155630e+05	1.748803e-01	0.000000e+00	3.030311e+02	1.860223e-05	1.078065e-03	-6.360851e-03	2.405338e-01	1.352001e-28	1.480727e-02	
9.882276e-01	-1.657893e-03	1.328327e+00	0.000000e+00	0.000000e+00	2.890559e+05	1.000000e-10	1.156224e+05	1.877867e-01	0.000000e+00	3.032265e+02	1.861144e-05	1.373383e-03	-9.066060e-03	2.719715e-01	1.349290e-28	1.188853e-02	
9.822392e-01	2.491970e-03	1.328071e+00	0.000000e+00	0.000000e+00	2.888079e+05	1.000000e-10	1.155232e+05	1.662342e-01	0.000000e+00	3.030247e+02	1.860193e-05	1.138289e-03	-7.215304e-03	2.465875e-01	1.350319e-28	1.793479e-02	
9.853369e-01	-2.061293e-03	1.327895e+00	0.000000e+00	0.000000e+00	2.889552e+05	1.000000e-10	1.155821e+05	1.790303e-01	0.000000e+00	3.032195e+02	1.861111e-05	1.429515e-03	-1.027374e-02	2.767845e-01	1.347606e-28	1.480729e-02	
9.789211e-01	2.951446e-03	1.327643e+00	0.000000e+00	0.000000e+00	2.887086e+05	1.000000e-10	1.154834e+05	1.576022e-01	0.000000e+00	3.030182e+02	1.860163e-05	1.196865e-03	-8.098220e-03	2.523050e-01	1.348646e-28	2.128449e-02	
9.822392e-01	-2.491970e-03	1.327471e+00	0.000000e+00	0.000000e+00	2.888589e+05	1.000000e-10	1.155435e+05	1.706604e-01	0.000000e+00	3.032151e+02	1.861090e-05	1.491642e-03	-1.163236e-02	2.820783e-01	1.345933e-28	1.793480e-02	
9.753688e-01	3.441283e-03	1.327216e+00	0.000000e+00	0.000000e+00	2.886086e+05	1.000000e-10	1.154434e+05	1.489100e-01	0.000000e+00	3.030108e+02	1.860128e-05	1.253021e-03	-9.003805e-03	2.576347e-01	1.346984e-28	2.487043e-02	
9.789211e-01	-2.951446e-03	1.327060e+00	0.000000e+00	0.000000e+00	2.887651e+05	1.000000e-10	1.155060e+05	1.625096e-01	0.000000e+00	3.032107e+02	1.861069e-05	1.551137e-03	-1.305588e-02	2.870260e-01	1.344308e-28	2.128450e-02	
9.715675e-01	3.963073e-03	1.326787e+00	0.000000e+00	0.000000e+00	2.885076e+05	1.000000e-10	1.154030e+05	1.401332e-01	0.000000e+00	3.030026e+02	1.860089e-05	1.307542e-03	-9.944027e-03	2.626837e-01	1.345328e-28	2.870732e-02	
9.753688e-01	-3.441283e-03	1.326658e+00	0.000000e+00	0.000000e+00	2.886728e+05	1.000000e-10	1.154691e+05	1.544928e-01	0.000000e+00	3.032056e+02	1.861045e-05	1.607044e-03	-1.454578e-02	2.915636e-01	1.342735e-28	2.487045e-02	
9.675022e-01	4.518430e-03	1.326357e+00	0.000000e+00	0.000000e+00	2.884057e+05	1.000000e-10	1.153623e+05	1.312767e-01	0.000000e+00	3.029938e+02	1.860048e-05	1.360991e-03	-1.092895e-02	2.675271e-01	1.343674e-28	3.281044e-02	
9.715675e-01	-3.963073e-03	1.326266e+00	0.000000e+00	0.000000e+00	2.885819e+05	1.000000e-10	1.154327e+05	1.465870e-01	0.000000e+00	3.031998e+02	1.861018e-05	1.660037e-03	-1.610768e-02	2.957753e-01	1.341206e-28	2.870733e-02	
9.631568e-01	5.108981e-03	1.325925e+00	0.000000e+00	0.000000e+00	2.883030e+05	1.000000e-10	1.153212e+05	1.223554e-01	0.000000e+00	3.029845e+02	1.860004e-05	1.413731e-03	-1.196515e-02	2.722130e-01	1.342021e-28	3.719570e-02	
9.675022e-01	-4.518430e-03	1.325881e+00	0.000000e+00	0.000000e+00	2.884922e+05	1.000000e-10	1.153969e+05	1.387970e-01	0.000000e+00	3.031934e+02	1.860988e-05	1.710751e-03	-1.775831e-02	2.997341e-01	1.339716e-28	3.281045e-02	
9.585152e-01	5.736358e-03	1.325491e+00	0.000000e+00	0.000000e+00	2.881994e+05	1.000000e-10	1.152798e+05	1.133508e-01	0.000000e+00	3.029748e+02	1.859959e-05	1.465854e-03	-1.305724e-02	2.767597e-01	1.340364e-28	4.187955e-02	
9.631568e-01	-5.108981e-03	1.325504e+00	0.000000e+00	0.000000e+00	2.884039e+05	1.000000e-10	1.153616e+05	1.311232e-01	0.000000e+00	3.031868e+02	1.860957e-05	1.759757e-03	-1.951001e-02	3.035013e-01	1.338261e-28	3.719571e-02	
9.535602e-01	6.402178e-03	1.325055e+00	0.000000e+00	0.000000e+00	2.880950e+05	1.000000e-10	1.152380e+05	1.042733e-01	0.000000e+00	3.029648e+02	1.859911e-05	1.517465e-03	-1.420631e-02	2.811854e-01	1.338703e-28	4.687897e-02	
9.585152e-01	-5.736358e-03	1.325132e+00	0.000000e+00	0.000000e+00	2.883163e+05	1.000000e-10	1.153265e+05	1.235112e-01	0.000000e+00	3.031800e+02	1.860925e-05	1.807266e-03	-2.136899e-02	3.071033e-01	1.336826e-28	4.187957e-02	
9.482747e-01	7.108035e-03	1.324618e+00	0.000000e+00	0.000000e+00	2.879899e+05	1.000000e-10	1.151960e+05	9.514347e-02	0.000000e+00	3.029543e+02	1.859862e-05	1.568674e-03	-1.541308e-02	2.855067e-01	1.337041e-28	5.221141e-02	
9.535602e-01	-6.402178e-03	1.324763e+00	0.000000e+00	0.000000e+00	2.882295e+05	1.000000e-10	1.152918e+05	1.159674e-01	0.000000e+00	3.031730e+02	1.860891e-05	1.853664e-03	-2.334322e-02	3.105791e-01	1.335411e-28	4.687899e-02	
9.426407e-01	7.855481e-03	1.324178e+00	0.000000e+00	0.000000e+00	2.878840e+05	1.000000e-10	1.151536e+05	8.594049e-02	0.000000e+00	3.029435e+02	1.859811e-05	1.619343e-03	-1.667903e-02	2.897168e-01	1.335375e-28	5.789470e-02	
9.482747e-01	-7.108035e-03	1.324400e+00	0.000000e+00	0.000000e+00	2.881437e+05	1.000000e-10	1.152575e+05	1.085038e-01	0.000000e+00	3.031658e+02	1.860858e-05	1.898992e-03	-2.543465e-02	3.139378e-01	1.334020e-28	5.221142e-02	
9.366402e-01	8.646007e-03	1.323734e+00	0.000000e+00	0.000000e+00	2.877772e+05	1.000000e-10	1.151109e+05	7.665165e-02	0.000000e+00	3.029325e+02	1.859759e-05	1.669615e-03	-1.800793e-02	2.938339e-01	1.333701e-28	6.394699e-02	
9.426407e-01	-7.855481e-03	1.324040e+00	0.000000e+00	0.000000e+00	2.880582e+05	1.000000e-10	1.152233e+05	1.010777e-01	0.000000e+00	3.031584e+02	1.860823e-05	1.943289e-03	-2.765019e-02	3.171861e-01	1.332643e-28	5.789471e-02	
9.302548e-01	9.481022e-03	1.323287e+00	0.000000e+00	0.000000e+00	2.876691e+05	1.000000e-10	1.150676e+05	6.726194e-02	0.000000e+00	3.029210e+02	1.859705e-05	1.719555e-03	-1.940116e-02	2.978677e-01	1.332015e-28	7.038666e-02	
9.366402e-01	-8.646007e-03	1.323681e+00	0.000000e+00	0.000000e+00	2.879730e+05	1.000000e-10	1.151892e+05	9.366990e-02	0.000000e+00	3.031508e+02	1.860787e-05	1.986769e-03	-2.999837e-02	3.203453e-01	1.331275e-28	6.394700e-02	
9.234661e-01	1.036183e-02	1.322835e+00	0.000000e+00	0.000000e+00	2.875597e+05	1.000000e-10	1.150239e+05	5.775302e-02	0.000000e+00	3.029093e+02	1.859650e-05	1.768976e-03	-2.085510e-02	3.018060e-01	1.330314e-28	7.723219e-02	
9.302548e-01	-9.481022e-03	1.323323e+00	0.000000e+00	0.000000e+00	2.878877e+05	1.000000e-10	1.151551e+05	8.625938e-02	0.000000e+00	3.031431e+02	1.860751e-05	2.029525e-03	-3.248321e-02	3.234253e-01	1.329913e-28	7.038668e-02	
9.162555e-01	1.128962e-02	1.322377e+00	0.000000e+00	0.000000e+00	2.874487e+05	1.000000e-10	1.149795e+05	4.810967e-02	0.000000e+00	3.028974e+02	1.859594e-05	1.817921e-03	-2.237130e-02	3.056566e-01	1.328593e-28	8.450203e-02	
9.234661e-01	-1.036183e-02	1.322964e+00	0.000000e+00	0.000000e+00	2.878022e+05	1.000000e-10	1.151209e+05	7.882668e-02	0.000000e+00	3.031353e+02	1.860714e-05	2.071273e-03	-3.510432e-02	3.264061e-01	1.328550e-28	7.723221e-02	
9.086049e-01	1.226540e-02	1.321912e+00	0.000000e+00	0.000000e+00	2.873361e+05	1.000000e-10	1.149344e+05	3.832205e-02	0.000000e+00	3.028851e+02	1.859536e-05	1.866537e-03	-2.394782e-02	3.094350e-01	1.326850e-28	9.221444e-02	
9.162555e-01	-1.128962e-02	1.322604e+00	0.000000e+00	0.000000e+00	2.877163e+05	1.000000e-10	1.150865e+05	7.136677e-02	0.000000e+00	3.031273e+02	1.860676e-05	2.112339e-03	-3.786736e-02	3.293156e-01	1.327186e-28	8.450204e-02	
9.004963e-01	1.329003e-02	1.321441e+00	0.000000e+00	0.000000e+00	2.872218e+05	1.000000e-10	1.148887e+05	2.838695e-02	0.000000e+00	3.028726e+02	1.859477e-05	1.914524e-03	-2.557697e-02	3.131193e-01	1.325085e-28	1.003873e-01	
9.086049e-01	-1.226540e-02	1.322243e+00	0.000000e+00	0.000000e+00	2.876301e+05	1.000000e-10	1.150521e+05	6.387360e-02	0.000000e+00	3.031191e+02	1.860638e-05	2.152743e-03	-4.077350e-02	3.321575e-01	1.325820e-28	9.221445e-02	
8.919122e-01	1.436413e-02	1.320962e+00	0.000000e+00	0.000000e+00	2.871057e+05	1.000000e-10	1.148423e+05	1.829756e-02	0.000000e+00	3.028598e+02	1.859417e-05	1.961977e-03	-2.725135e-02	3.167213e-01	1.323295e-28	1.090381e-01	
9.004963e-01	-1.329003e-02	1.321881e+00	0.000000e+00	0.000000e+00	2.875436e+05	1.000000e-10	1.150174e+05	5.635416e-02	0.000000e+00	3.031109e+02	1.860599e-05	2.192064e-03	-4.381235e-02	3.349010e-01	1.324452e-28	1.003873e-01	
8.828360e-01	1.548810e-02	1.320477e+00	0.000000e+00	0.000000e+00	2.869879e+05	1.000000e-10	1.147952e+05	8.060875e-03	0.000000e+00	3.028468e+02	1.859356e-05	2.009002e-03	-2.896255e-02	3.202515e-01	1.321482e-28	1.181832e-01	
8.919122e-01	-1.436413e-02	1.321518e+00	0.000000e+00	0.000000e+00	2.874568e+05	1.000000e-10	1.149827e+05	4.880764e-02	0.000000e+00	3.031026e+02	1.860560e-05	2.230836e-03	-4.699375e-02	3.375890e-01	1.323081e-28	1.090381e-01	
8.732520e-01	1.666204e-02	1.319985e+00	0.000000e+00	0.000000e+00	2.868684e+05	1.000000e-10	1.147474e+05	-2.322818e-03	0.000000e+00	3.028336e+02	1.859294e-05	2.055435e-03	-3.070737e-02	3.237002e-01	1.319645e-28	1.278384e-01	
8.828360e-01	-1.548810e-02	1.321154e+00	0.000000e+00	0.000000e+00	2.873697e+05	1.000000e-10	1.149479e+05	4.123689e-02	0.000000e+00	3.030942e+02	1.860521e-05	2.268572e-03	-5.029777e-02	3.401861e-01	1.321709e-28	1.181832e-01	
8.631457e-01	1.788578e-02	1.319486e+00	0.000000e+00	0.000000e+00	2.867473e+05	1.000000e-10	1.146989e+05	-1.284881e-02	0.000000e+00	3.028202e+02	1.859230e-05	2.101396e-03	-3.246846e-02	3.270793e-01	1.317785e-28	1.380181e-01	
8.732520e-01	-1.666204e-02	1.320790e+00	0.000000e+00	0.000000e+00	2.872824e+05	1.000000e-10	1.149129e+05	3.365083e-02	0.000000e+00	3.030857e+02	1.860481e-05	2.305765e-03	-5.373153e-02	3.427311e-01	1.320336e-28	1.278385e-01	
8.525041e-01	1.915879e-02	1.318980e+00	0.000000e+00	0.000000e+00	2.866246e+05	1.000000e-10	1.146498e+05	-2.351462e-02	0.000000e+00	3.028067e+02	1.859167e-05	2.146950e-03	-3.425011e-02	3.303949e-01	1.315901e-28	1.487350e-01	
8.631457e-01	-1.788578e-02	1.320425e+00	0.000000e+00	0.000000e+00	2.871949e+05	1.000000e-10	1.148780e+05	2.604961e-02	0.000000e+00	3.030772e+02	1.860441e-05	2.342075e-03	-5.726883e-02	3.452000e-01	1.318964e-28	1.380181e-01	
8.413160e-01	2.048016e-02	1.318468e+00	0.000000e+00	0.000000e+00	2.865003e+05	1.000000e-10	1.146001e+05	-3.432062e-02	0.000000e+00	3.027930e+02	1.859102e-05	2.192072e-03	-3.602608e-02	3.336484e-01	1.313994e-28	1.600001e-01	
8.525041e-01	-1.915879e-02	1.320060e+00	0.000000e+00	0.000000e+00	2.871073e+05	1.000000e-10	1.148429e+05	1.843967e-02	0.000000e+00	3.030686e+02	1.860400e-05	2.377998e-03	-6.091668e-02	3.476304e-01	1.317590e-28	1.487350e-01	
8.295722e-01	2.184859e-02	1.317948e+00	0.000000e+00	0.000000e+00	2.863743e+05	1.000000e-10	1.145497e+05	-4.526867e-02	0.000000e+00	3.027792e+02	1.859037e-05	2.236961e-03	-3.780104e-02	3.368558e-01	1.312060e-28	1.718226e-01	
8.413160e-01	-2.048016e-02	1.319694e+00	0.000000e+00	0.000000e+00	2.870197e+05	1.000000e-10	1.148079e+05	1.082095e-02	0.000000e+00	3.030600e+02	1.860360e-05	2.413168e-03	-6.466341e-02	3.499965e-01	1.316218e-28	1.600002e-01	
8.172658e-01	2.326236e-02	1.317421e+00	0.000000e+00	0.000000e+00	2.862466e+05	1.000000e-10	1.144987e+05	-5.636198e-02	0.000000e+00	3.027654e+02	1.858972e-05	2.281503e-03	-3.956667e-02	3.400094e-01	1.310101e-28	1.842089e-01	
8.295722e-01	-2.184859e-02	1.319329e+00	0.000000e+00	0.000000e+00	2.869320e+05	1.000000e-10	1.147728e+05	3.198453e-03	0.000000e+00	3.030514e+02	1.860319e-05	2.447971e-03	-6.848951e-02	3.523271e-01	1.314844e-28	1.718226e-01	
8.043927e-01	2.471926e-02	1.316886e+00	0.000000e+00	0.000000e+00	2.861172e+05	1.000000e-10	1.144469e+05	-6.760646e-02	0.000000e+00	3.027515e+02	1.858907e-05	2.325998e-03	-4.130440e-02	3.431337e-01	1.308112e-28	1.971630e-01	
8.172658e-01	-2.326236e-02	1.318962e+00	0.000000e+00	0.000000e+00	2.868442e+05	1.000000e-10	1.147377e+05	-4.426988e-03	0.000000e+00	3.030429e+02	1.860279e-05	2.482410e-03	-7.240252e-02	3.546222e-01	1.313471e-28	1.842089e-01	
7.909518e-01	2.621660e-02	1.316342e+00	0.000000e+00	0.000000e+00	2.859860e+05	1.000000e-10	1.143944e+05	-7.901016e-02	0.000000e+00	3.027376e+02	1.858841e-05	2.370478e-03	-4.302236e-02	3.462307e-01	1.306092e-28	2.106857e-01	
8.043927e-01	-2.471926e-02	1.318596e+00	0.000000e+00	0.000000e+00	2.867564e+05	1.000000e-10	1.147026e+05	-1.205713e-02	0.000000e+00	3.030343e+02	1.860239e-05	2.516540e-03	-7.636339e-02	3.568874e-01	1.312096e-28	1.971630e-01	
7.769449e-01	2.775117e-02	1.315790e+00	0.000000e+00	0.000000e+00	2.858529e+05	1.000000e-10	1.143411e+05	-9.058279e-02	0.000000e+00	3.027237e+02	1.858776e-05	2.415067e-03	-4.470006e-02	3.493101e-01	1.304037e-28	2.247747e-01	
7.909518e-01	-2.621660e-02	1.318228e+00	0.000000e+00	0.000000e+00	2.866686e+05	1.000000e-10	1.146674e+05	-1.969266e-02	0.000000e+00	3.030259e+02	1.860199e-05	2.550559e-03	-8.038900e-02	3.591360e-01	1.310718e-28	2.106857e-01	
7.623778e-01	2.931924e-02	1.315227e+00	0.000000e+00	0.000000e+00	2.857176e+05	1.000000e-10	1.142870e+05	-1.023371e-01	0.000000e+00	3.027099e+02	1.858711e-05	2.459919e-03	-4.634571e-02	3.523830e-01	1.301945e-28	2.394242e-01	
7.769449e-01	-2.775117e-02	1.317860e+00	0.000000e+00	0.000000e+00	2.865806e+05	1.000000e-10	1.146322e+05	-2.733799e-02	0.000000e+00	3.030176e+02	1.860160e-05	2.584453e-03	-8.444951e-02	3.613674e-01	1.309337e-28	2.247747e-01	
7.472594e-01	3.091649e-02	1.314654e+00	0.000000e+00	0.000000e+00	2.855802e+05	1.000000e-10	1.142321e+05	-1.142831e-01	0.000000e+00	3.026962e+02	1.858646e-05	2.505198e-03	-4.795026e-02	3.554613e-01	1.299812e-28	2.546245e-01	
7.623778e-01	-2.931924e-02	1.317490e+00	0.000000e+00	0.000000e+00	2.864925e+05	1.000000e-10	1.145970e+05	-3.499516e-02	0.000000e+00	3.030094e+02	1.860121e-05	2.618428e-03	-8.854657e-02	3.635957e-01	1.307949e-28	2.394242e-01	
7.316032e-01	3.253806e-02	1.314069e+00	0.000000e+00	0.000000e+00	2.854402e+05	1.000000e-10	1.141761e+05	-1.264470e-01	0.000000e+00	3.026826e+02	1.858582e-05	2.551067e-03	-4.952124e-02	3.585555e-01	1.297634e-28	2.703620e-01	
7.472594e-01	-3.091649e-02	1.317119e+00	0.000000e+00	0.000000e+00	2.864042e+05	1.000000e-10	1.145617e+05	-4.267105e-02	0.000000e+00	3.030014e+02	1.860084e-05	2.652592e-03	-9.265315e-02	3.658286e-01	1.306556e-28	2.546245e-01	
7.154262e-01	3.417852e-02	1.313471e+00	0.000000e+00	0.000000e+00	2.852977e+05	1.000000e-10	1.141191e+05	-1.388345e-01	0.000000e+00	3.026692e+02	1.858519e-05	2.597710e-03	-5.106330e-02	3.616776e-01	1.295406e-28	2.866190e-01	
7.316032e-01	-3.253806e-02	1.316746e+00	0.000000e+00	0.000000e+00	2.863156e+05	1.000000e-10	1.145262e+05	-5.036664e-02	0.000000e+00	3.029935e+02	1.860047e-05	2.687052e-03	-9.677580e-02	3.680727e-01	1.305153e-28	2.703620e-01	
6.987499e-01	3.583186e-02	1.312860e+00	0.000000e+00	0.000000e+00	2.851526e+05	1.000000e-10	1.140610e+05	-1.514452e-01	0.000000e+00	3.026560e+02	1.858457e-05	2.645303e-03	-5.258148e-02	3.648389e-01	1.293127e-28	3.033736e-01	
7.154262e-01	-3.417852e-02	1.316371e+00	0.000000e+00	0.000000e+00	2.862269e+05	1.000000e-10	1.144907e+05	-5.807991e-02	0.000000e+00	3.029859e+02	1.860011e-05	2.721934e-03	-1.008958e-01	3.703356e-01	1.303742e-28	2.866190e-01	
6.816001e-01	3.749149e-02	1.312236e+00	0.000000e+00	0.000000e+00	2.850052e+05	1.000000e-10	1.140021e+05	-1.642552e-01	0.000000e+00	3.026432e+02	1.858397e-05	2.693874e-03	-5.408763e-02	3.680402e-01	1.290798e-28	3.205996e-01	
6.987499e-01	-3.583186e-02	1.315994e+00	0.000000e+00	0.000000e+00	2.861380e+05	1.000000e-10	1.144552e+05	-6.579914e-02	0.000000e+00	3.029787e+02	1.859977e-05	2.757318e-03	-1.050098e-01	3.726229e-01	1.302321e-28	3.033736e-01	
6.640066e-01	3.915032e-02	1.311598e+00	0.000000e+00	0.000000e+00	2.848547e+05	1.000000e-10	1.139419e+05	-1.773315e-01	0.000000e+00	3.026308e+02	1.858338e-05	2.743556e-03	-5.560672e-02	3.712886e-01	1.288409e-28	3.382667e-01	
6.816001e-01	-3.749149e-02	1.315614e+00	0.000000e+00	0.000000e+00	2.860488e+05	1.000000e-10	1.144195e+05	-7.355152e-02	0.000000e+00	3.029717e+02	1.859944e-05	2.793360e-03	-1.091196e-01	3.749446e-01	1.300887e-28	3.205996e-01	
6.460033e-01	4.080073e-02	1.310943e+00	0.000000e+00	0.000000e+00	2.847011e+05	1.000000e-10	1.138804e+05	-1.906823e-01	0.000000e+00	3.026187e+02	1.858281e-05	2.794636e-03	-5.716510e-02	3.746015e-01	1.285955e-28	3.563402e-01	
6.640066e-01	-3.915032e-02	1.315231e+00	0.000000e+00	0.000000e+00	2.859593e+05	1.000000e-10	1.143837e+05	-8.133657e-02	0.000000e+00	3.029650e+02	1.859912e-05	2.830270e-03	-1.132231e-01	3.773126e-01	1.299438e-28	3.382667e-01	
6.276283e-01	4.243463e-02	1.310270e+00	0.000000e+00	0.000000e+00	2.845441e+05	1.000000e-10	1.138176e+05	-2.043232e-01	0.000000e+00	3.026071e+02	1.858227e-05	2.847330e-03	-5.879255e-02	3.779914e-01	1.283431e-28	3.747818e-01	
6.460033e-01	-4.080073e-02	1.314844e+00	0.000000e+00	0.000000e+00	2.858693e+05	1.000000e-10	1.143477e+05	-8.915456e-02	0.000000e+00	3.029588e+02	1.859883e-05	2.868239e-03	-1.173236e-01	3.797394e-01	1.297972e-28	3.563402e-01	
6.089231e-01	4.404353e-02	1.309578e+00	0.000000e+00	0.000000e+00	2.843834e+05	1.000000e-10	1.137534e+05	-2.182877e-01	0.000000e+00	3.025960e+02	1.858174e-05	2.901916e-03	-6.052276e-02	3.814741e-01	1.280830e-28	3.935492e-01	
6.276283e-01	-4.243463e-02	1.314454e+00	0.000000e+00	0.000000e+00	2.857790e+05	1.000000e-10	1.143116e+05	-9.699831e-02	0.000000e+00	3.029530e+02	1.859856e-05	2.907317e-03	-1.214140e-01	3.822266e-01	1.296491e-28	3.747818e-01	
5.899328e-01	4.561861e-02	1.308870e+00	0.000000e+00	0.000000e+00	2.842200e+05	1.000000e-10	1.136880e+05	-2.324922e-01	0.000000e+00	3.025857e+02	1.858126e-05	2.958412e-03	-6.239369e-02	3.850477e-01	1.278163e-28	4.125969e-01	
6.089231e-01	-4.404353e-02	1.314061e+00	0.000000e+00	0.000000e+00	2.856884e+05	1.000000e-10	1.142754e+05	-1.048745e-01	0.000000e+00	3.029476e+02	1.859830e-05	2.947692e-03	-1.254995e-01	3.847855e-01	1.294991e-28	3.935492e-01	
5.707054e-01	4.715081e-02	1.308144e+00	0.000000e+00	0.000000e+00	2.840534e+05	1.000000e-10	1.136214e+05	-2.469702e-01	0.000000e+00	3.025762e+02	1.858081e-05	3.016744e-03	-6.443500e-02	3.887045e-01	1.275423e-28	4.318762e-01	
5.899328e-01	-4.561861e-02	1.313666e+00	0.000000e+00	0.000000e+00	2.855981e+05	1.000000e-10	1.142392e+05	-1.127258e-01	0.000000e+00	3.029429e+02	1.859808e-05	2.989309e-03	-1.295785e-01	3.874107e-01	1.293480e-28	4.125969e-01	
5.512916e-01	4.863091e-02	1.307398e+00	0.000000e+00	0.000000e+00	2.838832e+05	1.000000e-10	1.135533e+05	-2.617649e-01	0.000000e+00	3.025673e+02	1.858039e-05	3.077030e-03	-6.665490e-02	3.924499e-01	1.272602e-28	4.513360e-01	
5.707054e-01	-4.715081e-02	1.313268e+00	0.000000e+00	0.000000e+00	2.855077e+05	1.000000e-10	1.142031e+05	-1.205773e-01	0.000000e+00	3.029388e+02	1.859789e-05	3.032194e-03	-1.336767e-01	3.901024e-01	1.291955e-28	4.318762e-01	
5.317439e-01	5.004967e-02	1.306631e+00	0.000000e+00	0.000000e+00	2.837091e+05	1.000000e-10	1.134836e+05	-2.768907e-01	0.000000e+00	3.025593e+02	1.858001e-05	3.139609e-03	-6.914685e-02	3.963018e-01	1.269697e-28	4.709232e-01	
5.512916e-01	-4.863091e-02	1.312868e+00	0.000000e+00	0.000000e+00	2.854175e+05	1.000000e-10	1.141670e+05	-1.284209e-01	0.000000e+00	3.029353e+02	1.859772e-05	3.076460e-03	-1.378206e-01	3.928669e-01	1.290417e-28	4.513360e-01	
5.121166e-01	5.139795e-02	1.305848e+00	0.000000e+00	0.000000e+00	2.835326e+05	1.000000e-10	1.134130e+05	-2.922299e-01	0.000000e+00	3.025524e+02	1.857969e-05	3.204459e-03	-7.198335e-02	4.002557e-01	1.266721e-28	4.905833e-01	
5.317439e-01	-5.004967e-02	1.312467e+00	0.000000e+00	0.000000e+00	2.853275e+05	1.000000e-10	1.141310e+05	-1.362391e-01	0.000000e+00	3.029324e+02	1.859759e-05	3.122227e-03	-1.420260e-01	3.957102e-01	1.288867e-28	4.709232e-01	
4.924646e-01	5.266684e-02	1.305046e+00	0.000000e+00	0.000000e+00	2.833530e+05	1.000000e-10	1.133412e+05	-3.078370e-01	0.000000e+00	3.025466e+02	1.857941e-05	3.271399e-03	-7.518858e-02	4.042972e-01	1.263669e-28	5.102607e-01	
5.121166e-01	-5.139795e-02	1.312066e+00	0.000000e+00	0.000000e+00	2.852386e+05	1.000000e-10	1.140954e+05	-1.439711e-01	0.000000e+00	3.029304e+02	1.859749e-05	3.169443e-03	-1.462809e-01	3.986272e-01	1.287316e-28	4.905833e-01	
4.728433e-01	5.384781e-02	1.304225e+00	0.000000e+00	0.000000e+00	2.831702e+05	1.000000e-10	1.132681e+05	-3.237304e-01	0.000000e+00	3.025418e+02	1.857919e-05	3.340623e-03	-7.883041e-02	4.084356e-01	1.260537e-28	5.298998e-01	
4.924646e-01	-5.266684e-02	1.311668e+00	0.000000e+00	0.000000e+00	2.851507e+05	1.000000e-10	1.140603e+05	-1.516081e-01	0.000000e+00	3.029290e+02	1.859743e-05	3.218004e-03	-1.505862e-01	4.016108e-01	1.285765e-28	5.102607e-01	
4.533078e-01	5.493285e-02	1.303388e+00	0.000000e+00	0.000000e+00	2.829850e+05	1.000000e-10	1.131940e+05	-3.398194e-01	0.000000e+00	3.025381e+02	1.857901e-05	3.412211e-03	-8.293495e-02	4.126733e-01	1.257339e-28	5.494452e-01	
4.728433e-01	-5.384781e-02	1.311272e+00	0.000000e+00	0.000000e+00	2.850640e+05	1.000000e-10	1.140256e+05	-1.591381e-01	0.000000e+00	3.029285e+02	1.859740e-05	3.267934e-03	-1.548912e-01	4.046607e-01	1.284219e-28	5.298998e-01	
4.339121e-01	5.591460e-02	1.302537e+00	0.000000e+00	0.000000e+00	2.827981e+05	1.000000e-10	1.131192e+05	-3.560671e-01	0.000000e+00	3.025358e+02	1.857891e-05	3.485958e-03	-8.749488e-02	4.169942e-01	1.254080e-28	5.688427e-01	
4.533078e-01	-5.493285e-02	1.310881e+00	0.000000e+00	0.000000e+00	2.849793e+05	1.000000e-10	1.139917e+05	-1.665002e-01	0.000000e+00	3.029287e+02	1.859741e-05	3.319225e-03	-1.592578e-01	4.077757e-01	1.282688e-28	5.494452e-01	
4.147089e-01	5.678649e-02	1.301670e+00	0.000000e+00	0.000000e+00	2.826087e+05	1.000000e-10	1.130435e+05	-3.725270e-01	0.000000e+00	3.025346e+02	1.857885e-05	3.561932e-03	-9.240868e-02	4.214007e-01	1.250756e-28	5.880394e-01	
4.339121e-01	-5.591460e-02	1.310499e+00	0.000000e+00	0.000000e+00	2.848973e+05	1.000000e-10	1.139589e+05	-1.736300e-01	0.000000e+00	3.029297e+02	1.859746e-05	3.371708e-03	-1.636305e-01	4.109449e-01	1.281183e-28	5.688427e-01	
3.957488e-01	5.754285e-02	1.300792e+00	0.000000e+00	0.000000e+00	2.824183e+05	1.000000e-10	1.129673e+05	-3.890688e-01	0.000000e+00	3.025348e+02	1.857886e-05	3.640103e-03	-9.784910e-02	4.258885e-01	1.247385e-28	6.069849e-01	
4.147089e-01	-5.678649e-02	1.310127e+00	0.000000e+00	0.000000e+00	2.848181e+05	1.000000e-10	1.139272e+05	-1.805153e-01	0.000000e+00	3.029315e+02	1.859755e-05	3.425295e-03	-1.679843e-01	4.141623e-01	1.279710e-28	5.880395e-01	
3.770798e-01	5.817904e-02	1.299904e+00	0.000000e+00	0.000000e+00	2.822269e+05	1.000000e-10	1.128907e+05	-4.057091e-01	0.000000e+00	3.025363e+02	1.857893e-05	3.720261e-03	-1.037407e-01	4.304434e-01	1.243967e-28	6.256312e-01	
3.957488e-01	-5.754285e-02	1.309768e+00	0.000000e+00	0.000000e+00	2.847425e+05	1.000000e-10	1.138970e+05	-1.870862e-01	0.000000e+00	3.029342e+02	1.859767e-05	3.479909e-03	-1.722638e-01	4.174231e-01	1.278282e-28	6.069849e-01	
3.587470e-01	5.869148e-02	1.299006e+00	0.000000e+00	0.000000e+00	2.820344e+05	1.000000e-10	1.128138e+05	-4.224341e-01	0.000000e+00	3.025390e+02	1.857906e-05	3.802494e-03	-1.101057e-01	4.350685e-01	1.240506e-28	6.439333e-01	
3.770798e-01	-5.817904e-02	1.309424e+00	0.000000e+00	0.000000e+00	2.846712e+05	1.000000e-10	1.138685e+05	-1.932819e-01	0.000000e+00	3.029377e+02	1.859784e-05	3.535337e-03	-1.764252e-01	4.207145e-01	1.276908e-28	6.256312e-01	
3.407920e-01	5.907774e-02	1.298101e+00	0.000000e+00	0.000000e+00	2.818420e+05	1.000000e-10	1.127368e+05	-4.391566e-01	0.000000e+00	3.025434e+02	1.857926e-05	3.886815e-03	-1.168797e-01	4.397633e-01	1.237012e-28	6.618499e-01	
3.587470e-01	-5.869148e-02	1.309098e+00	0.000000e+00	0.000000e+00	2.846043e+05	1.000000e-10	1.138417e+05	-1.990927e-01	0.000000e+00	3.029420e+02	1.859804e-05	3.591492e-03	-1.804308e-01	4.240312e-01	1.275594e-28	6.439333e-01	
3.232528e-01	5.933656e-02	1.297184e+00	0.000000e+00	0.000000e+00	2.816484e+05	1.000000e-10	1.126594e+05	-4.559824e-01	0.000000e+00	3.025492e+02	1.857953e-05	3.973499e-03	-1.240739e-01	4.445401e-01	1.233468e-28	6.793435e-01	
3.407920e-01	-5.907774e-02	1.308791e+00	0.000000e+00	0.000000e+00	2.845426e+05	1.000000e-10	1.138170e+05	-2.044585e-01	0.000000e+00	3.029474e+02	1.859829e-05	3.648346e-03	-1.842618e-01	4.273723e-01	1.274347e-28	6.618500e-01	
3.061635e-01	5.946785e-02	1.296256e+00	0.000000e+00	0.000000e+00	2.814539e+05	1.000000e-10	1.125815e+05	-4.728885e-01	0.000000e+00	3.025567e+02	1.857989e-05	4.062898e-03	-1.317274e-01	4.494167e-01	1.229872e-28	6.963803e-01	
3.232528e-01	-5.933656e-02	1.308502e+00	0.000000e+00	0.000000e+00	2.844857e+05	1.000000e-10	1.137943e+05	-2.094024e-01	0.000000e+00	3.029537e+02	1.859859e-05	3.706011e-03	-1.879271e-01	4.307441e-01	1.273161e-28	6.793435e-01	
2.895540e-01	5.947265e-02	1.295318e+00	0.000000e+00	0.000000e+00	2.812582e+05	1.000000e-10	1.125033e+05	-4.898929e-01	0.000000e+00	3.025654e+02	1.858030e-05	4.155763e-03	-1.398402e-01	4.544317e-01	1.226233e-28	7.129309e-01	
3.061635e-01	-5.946785e-02	1.308230e+00	0.000000e+00	0.000000e+00	2.844333e+05	1.000000e-10	1.137733e+05	-2.139576e-01	0.000000e+00	3.029610e+02	1.859893e-05	3.764787e-03	-1.914594e-01	4.341633e-01	1.272030e-28	6.963803e-01	
2.734501e-01	5.935312e-02	1.294391e+00	0.000000e+00	0.000000e+00	2.810658e+05	1.000000e-10	1.124263e+05	-5.066121e-01	0.000000e+00	3.025748e+02	1.858074e-05	4.251042e-03	-1.481194e-01	4.595289e-01	1.222640e-28	7.289702e-01	
2.895540e-01	-5.947265e-02	1.307980e+00	0.000000e+00	0.000000e+00	2.843864e+05	1.000000e-10	1.137545e+05	-2.180337e-01	0.000000e+00	3.029689e+02	1.859931e-05	3.825006e-03	-1.948322e-01	4.376508e-01	1.270981e-28	7.129309e-01	
2.578733e-01	5.911242e-02	1.293489e+00	0.000000e+00	0.000000e+00	2.808794e+05	1.000000e-10	1.123517e+05	-5.228168e-01	0.000000e+00	3.025850e+02	1.858122e-05	4.346827e-03	-1.562380e-01	4.646071e-01	1.219140e-28	7.444772e-01	
2.734501e-01	-5.935312e-02	1.307768e+00	0.000000e+00	0.000000e+00	2.843481e+05	1.000000e-10	1.137392e+05	-2.213596e-01	0.000000e+00	3.029772e+02	1.859970e-05	3.885768e-03	-1.978080e-01	4.411572e-01	1.270078e-28	7.289702e-01	
2.428411e-01	5.875465e-02	1.292608e+00	0.000000e+00	0.000000e+00	2.806984e+05	1.000000e-10	1.122793e+05	-5.385472e-01	0.000000e+00	3.025961e+02	1.858174e-05	4.442993e-03	-1.641446e-01	4.696608e-01	1.215721e-28	7.594352e-01	
2.578733e-01	-5.911242e-02	1.307609e+00	0.000000e+00	0.000000e+00	2.843215e+05	1.000000e-10	1.137286e+05	-2.236688e-01	0.000000e+00	3.029858e+02	1.860010e-05	3.945358e-03	-2.001483e-01	4.445899e-01	1.269375e-28	7.444772e-01	
2.283666e-01	5.828472e-02	1.291742e+00	0.000000e+00	0.000000e+00	2.805212e+05	1.000000e-10	1.122085e+05	-5.539431e-01	0.000000e+00	3.026079e+02	1.858230e-05	4.540002e-03	-1.718360e-01	4.747155e-01	1.212357e-28	7.738315e-01	
2.428411e-01	-5.875465e-02	1.307500e+00	0.000000e+00	0.000000e+00	2.843066e+05	1.000000e-10	1.137226e+05	-2.249686e-01	0.000000e+00	3.029951e+02	1.860054e-05	4.003538e-03	-2.019488e-01	4.479370e-01	1.268865e-28	7.594352e-01	
2.144593e-01	5.770827e-02	1.290890e+00	0.000000e+00	0.000000e+00	2.803477e+05	1.000000e-10	1.121391e+05	-5.690243e-01	0.000000e+00	3.026203e+02	1.858289e-05	4.638235e-03	-1.792855e-01	4.797925e-01	1.209047e-28	7.876576e-01	
2.283666e-01	-5.828472e-02	1.307435e+00	0.000000e+00	0.000000e+00	2.843019e+05	1.000000e-10	1.137207e+05	-2.253775e-01	0.000000e+00	3.030052e+02	1.860101e-05	4.060643e-03	-2.032611e-01	4.512196e-01	1.268513e-28	7.738315e-01	
2.011248e-01	5.703151e-02	1.290051e+00	0.000000e+00	0.000000e+00	2.801775e+05	1.000000e-10	1.120710e+05	-5.838110e-01	0.000000e+00	3.026332e+02	1.858349e-05	4.737897e-03	-1.864444e-01	4.849030e-01	1.205790e-28	8.009083e-01	
2.144593e-01	-5.770827e-02	1.307413e+00	0.000000e+00	0.000000e+00	2.843076e+05	1.000000e-10	1.137230e+05	-2.248797e-01	0.000000e+00	3.030162e+02	1.860154e-05	4.116554e-03	-2.039749e-01	4.544331e-01	1.268324e-28	7.876576e-01	
1.883653e-01	5.626108e-02	1.289229e+00	0.000000e+00	0.000000e+00	2.800113e+05	1.000000e-10	1.120045e+05	-5.982586e-01	0.000000e+00	3.026465e+02	1.858412e-05	4.839089e-03	-1.932480e-01	4.900537e-01	1.202597e-28	8.135823e-01	
2.011248e-01	-5.703151e-02	1.307446e+00	0.000000e+00	0.000000e+00	2.843241e+05	1.000000e-10	1.137296e+05	-2.234422e-01	0.000000e+00	3.030262e+02	1.860201e-05	4.171209e-03	-2.039663e-01	4.575820e-01	1.268355e-28	8.009084e-01	
1.761797e-01	5.540400e-02	1.288424e+00	0.000000e+00	0.000000e+00	2.798488e+05	1.000000e-10	1.119395e+05	-6.123801e-01	0.000000e+00	3.026600e+02	1.858476e-05	4.941820e-03	-1.996297e-01	4.952464e-01	1.199472e-28	8.256812e-01	
1.883653e-01	-5.626108e-02	1.307522e+00	0.000000e+00	0.000000e+00	2.843512e+05	1.000000e-10	1.137405e+05	-2.210893e-01	0.000000e+00	3.030374e+02	1.860253e-05	4.224785e-03	-2.035557e-01	4.606742e-01	1.268543e-28	8.135823e-01	
1.645640e-01	5.446745e-02	1.287638e+00	0.000000e+00	0.000000e+00	2.796906e+05	1.000000e-10	1.118763e+05	-6.261253e-01	0.000000e+00	3.026735e+02	1.858539e-05	5.046078e-03	-2.055159e-01	5.004822e-01	1.196425e-28	8.372096e-01	
1.761797e-01	-5.540400e-02	1.307652e+00	0.000000e+00	0.000000e+00	2.843893e+05	1.000000e-10	1.137557e+05	-2.177754e-01	0.000000e+00	3.030481e+02	1.860304e-05	4.277038e-03	-2.023847e-01	4.637024e-01	1.268942e-28	8.256812e-01	
1.535115e-01	5.345876e-02	1.286872e+00	0.000000e+00	0.000000e+00	2.795365e+05	1.000000e-10	1.118146e+05	-6.395201e-01	0.000000e+00	3.026868e+02	1.858602e-05	5.151851e-03	-2.108457e-01	5.057614e-01	1.193461e-28	8.481749e-01	
1.645640e-01	-5.446745e-02	1.307831e+00	0.000000e+00	0.000000e+00	2.844388e+05	1.000000e-10	1.137755e+05	-2.134725e-01	0.000000e+00	3.030592e+02	1.860356e-05	4.327679e-03	-2.006966e-01	4.666527e-01	1.269532e-28	8.372096e-01	
1.430130e-01	5.238521e-02	1.286129e+00	0.000000e+00	0.000000e+00	2.793870e+05	1.000000e-10	1.117548e+05	-6.525148e-01	0.000000e+00	3.026998e+02	1.858663e-05	5.259208e-03	-2.155703e-01	5.110903e-01	1.190588e-28	8.585866e-01	
1.535115e-01	-5.345876e-02	1.308066e+00	0.000000e+00	0.000000e+00	2.845002e+05	1.000000e-10	1.138001e+05	-2.081411e-01	0.000000e+00	3.030701e+02	1.860407e-05	4.376590e-03	-1.983431e-01	4.695239e-01	1.270340e-28	8.481749e-01	
1.330575e-01	5.125403e-02	1.285408e+00	0.000000e+00	0.000000e+00	2.792418e+05	1.000000e-10	1.116967e+05	-6.651364e-01	0.000000e+00	3.027121e+02	1.858721e-05	5.368191e-03	-2.196550e-01	5.164718e-01	1.187808e-28	8.684563e-01	
1.430130e-01	-5.238521e-02	1.308357e+00	0.000000e+00	0.000000e+00	2.845737e+05	1.000000e-10	1.138295e+05	-2.017480e-01	0.000000e+00	3.030811e+02	1.860459e-05	4.423455e-03	-1.954330e-01	4.723015e-01	1.271363e-28	8.585866e-01	
1.236320e-01	5.007223e-02	1.284711e+00	0.000000e+00	0.000000e+00	2.791013e+05	1.000000e-10	1.116405e+05	-6.773429e-01	0.000000e+00	3.027238e+02	1.858776e-05	5.478877e-03	-2.230670e-01	5.219116e-01	1.185131e-28	8.777973e-01	
1.330575e-01	-5.125403e-02	1.308705e+00	0.000000e+00	0.000000e+00	2.846596e+05	1.000000e-10	1.138639e+05	-1.942838e-01	0.000000e+00	3.030919e+02	1.860510e-05	4.468045e-03	-1.919225e-01	4.749785e-01	1.272613e-28	8.684563e-01	
1.147221e-01	4.884662e-02	1.284040e+00	0.000000e+00	0.000000e+00	2.789654e+05	1.000000e-10	1.115862e+05	-6.891544e-01	0.000000e+00	3.027346e+02	1.858827e-05	5.591332e-03	-2.257673e-01	5.274165e-01	1.182560e-28	8.866245e-01	
1.236320e-01	-5.007223e-02	1.309113e+00	0.000000e+00	0.000000e+00	2.847583e+05	1.000000e-10	1.139033e+05	-1.857054e-01	0.000000e+00	3.031027e+02	1.860560e-05	4.510170e-03	-1.878865e-01	4.775480e-01	1.274095e-28	8.777973e-01	
1.063121e-01	4.758371e-02	1.283396e+00	0.000000e+00	0.000000e+00	2.788345e+05	1.000000e-10	1.115338e+05	-7.005300e-01	0.000000e+00	3.027443e+02	1.858873e-05	5.705649e-03	-2.277539e-01	5.329917e-01	1.180102e-28	8.949538e-01	
1.147221e-01	-4.884662e-02	1.309582e+00	0.000000e+00	0.000000e+00	2.848704e+05	1.000000e-10	1.139482e+05	-1.759642e-01	0.000000e+00	3.031133e+02	1.860610e-05	4.549479e-03	-1.833289e-01	4.799955e-01	1.275820e-28	8.866245e-01	
9.838552e-02	4.628967e-02	1.282781e+00	0.000000e+00	0.000000e+00	2.787085e+05	1.000000e-10	1.114834e+05	-7.114785e-01	0.000000e+00	3.027528e+02	1.858913e-05	5.821916e-03	-2.290146e-01	5.386444e-01	1.177763e-28	9.028020e-01	
1.063121e-01	-4.758371e-02	1.310113e+00	0.000000e+00	0.000000e+00	2.849958e+05	1.000000e-10	1.139983e+05	-1.650688e-01	0.000000e+00	3.031237e+02	1.860660e-05	4.585583e-03	-1.782816e-01	4.823048e-01	1.277790e-28	8.949538e-01	
9.092487e-02	4.497031e-02	1.282195e+00	0.000000e+00	0.000000e+00	2.785880e+05	1.000000e-10	1.114352e+05	-7.219500e-01	0.000000e+00	3.027601e+02	1.858947e-05	5.940214e-03	-2.295605e-01	5.443813e-01	1.175550e-28	9.101867e-01	
9.838552e-02	-4.628967e-02	1.310708e+00	0.000000e+00	0.000000e+00	2.851349e+05	1.000000e-10	1.140540e+05	-1.529767e-01	0.000000e+00	3.031341e+02	1.860708e-05	4.618324e-03	-1.728229e-01	4.844723e-01	1.280012e-28	9.028020e-01	
8.391231e-02	4.363107e-02	1.281642e+00	0.000000e+00	0.000000e+00	2.784733e+05	1.000000e-10	1.113893e+05	-7.319247e-01	0.000000e+00	3.027659e+02	1.858975e-05	6.060582e-03	-2.293946e-01	5.502074e-01	1.173471e-28	9.171261e-01	
9.092487e-02	-4.497031e-02	1.311372e+00	0.000000e+00	0.000000e+00	2.852891e+05	1.000000e-10	1.141156e+05	-1.395804e-01	0.000000e+00	3.031445e+02	1.860758e-05	4.647124e-03	-1.669947e-01	4.864714e-01	1.282503e-28	9.101867e-01	
7.732958e-02	4.227696e-02	1.281125e+00	0.000000e+00	0.000000e+00	2.783651e+05	1.000000e-10	1.113460e+05	-7.413256e-01	0.000000e+00	3.027705e+02	1.858996e-05	6.182987e-03	-2.285437e-01	5.561241e-01	1.171538e-28	9.236385e-01	
8.391231e-02	-4.363107e-02	1.312102e+00	0.000000e+00	0.000000e+00	2.854578e+05	1.000000e-10	1.141831e+05	-1.249175e-01	0.000000e+00	3.031549e+02	1.860806e-05	4.671380e-03	-1.607907e-01	4.882751e-01	1.285264e-28	9.171261e-01	
7.115831e-02	4.091264e-02	1.280646e+00	0.000000e+00	0.000000e+00	2.782640e+05	1.000000e-10	1.113056e+05	-7.501100e-01	0.000000e+00	3.027737e+02	1.859011e-05	6.307189e-03	-2.270241e-01	5.621248e-01	1.169758e-28	9.297423e-01	
7.732958e-02	-4.227696e-02	1.312902e+00	0.000000e+00	0.000000e+00	2.856418e+05	1.000000e-10	1.142567e+05	-1.089303e-01	0.000000e+00	3.031653e+02	1.860856e-05	4.690752e-03	-1.542967e-01	4.898690e-01	1.288299e-28	9.236385e-01	
6.538010e-02	3.954236e-02	1.280207e+00	0.000000e+00	0.000000e+00	2.781700e+05	1.000000e-10	1.112680e+05	-7.582759e-01	0.000000e+00	3.027754e+02	1.859019e-05	6.433256e-03	-2.248690e-01	5.682174e-01	1.168138e-28	9.354560e-01	
7.115831e-02	-4.091264e-02	1.313775e+00	0.000000e+00	0.000000e+00	2.858416e+05	1.000000e-10	1.143366e+05	-9.156153e-02	0.000000e+00	3.031761e+02	1.860906e-05	4.704786e-03	-1.475777e-01	4.912340e-01	1.291621e-28	9.297423e-01	
5.997667e-02	3.816999e-02	1.279812e+00	0.000000e+00	0.000000e+00	2.780846e+05	1.000000e-10	1.112338e+05	-7.656999e-01	0.000000e+00	3.027758e+02	1.859021e-05	6.561208e-03	-2.220545e-01	5.744076e-01	1.166693e-28	9.407980e-01	
6.538010e-02	-3.954236e-02	1.314725e+00	0.000000e+00	0.000000e+00	2.860589e+05	1.000000e-10	1.144236e+05	-7.267750e-02	0.000000e+00	3.031873e+02	1.860959e-05	4.712663e-03	-1.406869e-01	4.923304e-01	1.295249e-28	9.354560e-01	
5.493001e-02	3.679904e-02	1.279465e+00	0.000000e+00	0.000000e+00	2.780086e+05	1.000000e-10	1.112034e+05	-7.723097e-01	0.000000e+00	3.027750e+02	1.859017e-05	6.690654e-03	-2.187602e-01	5.806838e-01	1.165437e-28	9.457862e-01	
5.997667e-02	-3.816999e-02	1.315752e+00	0.000000e+00	0.000000e+00	2.862936e+05	1.000000e-10	1.145174e+05	-5.228071e-02	0.000000e+00	3.031990e+02	1.861014e-05	4.713337e-03	-1.336399e-01	4.931070e-01	1.299189e-28	9.407980e-01	
5.022241e-02	3.543267e-02	1.279172e+00	0.000000e+00	0.000000e+00	2.779431e+05	1.000000e-10	1.111773e+05	-7.779963e-01	0.000000e+00	3.027731e+02	1.859008e-05	6.821309e-03	-2.150046e-01	5.870407e-01	1.164386e-28	9.504383e-01	
5.493001e-02	-3.679904e-02	1.316859e+00	0.000000e+00	0.000000e+00	2.865460e+05	1.000000e-10	1.146184e+05	-3.034296e-02	0.000000e+00	3.032113e+02	1.861072e-05	4.706272e-03	-1.264933e-01	4.935370e-01	1.303445e-28	9.457862e-01	
4.583663e-02	3.407371e-02	1.278938e+00	0.000000e+00	0.000000e+00	2.778895e+05	1.000000e-10	1.111558e+05	-7.826555e-01	0.000000e+00	3.027701e+02	1.858994e-05	6.952915e-03	-2.108082e-01	5.934752e-01	1.163560e-28	9.547716e-01	
5.022241e-02	-3.543267e-02	1.318050e+00	0.000000e+00	0.000000e+00	2.868174e+05	1.000000e-10	1.147270e+05	-6.758399e-03	0.000000e+00	3.032243e+02	1.861133e-05	4.690973e-03	-1.193004e-01	4.935951e-01	1.308035e-28	9.504383e-01	
4.175588e-02	3.272472e-02	1.278771e+00	0.000000e+00	0.000000e+00	2.778501e+05	1.000000e-10	1.111400e+05	-7.860833e-01	0.000000e+00	3.027667e+02	1.858978e-05	7.084636e-03	-2.061936e-01	5.999597e-01	1.162981e-28	9.588027e-01	
4.583663e-02	-3.407371e-02	1.319326e+00	0.000000e+00	0.000000e+00	2.871086e+05	1.000000e-10	1.148434e+05	1.855090e-02	0.000000e+00	3.032385e+02	1.861200e-05	4.666582e-03	-1.121149e-01	4.932359e-01	1.312970e-28	9.547716e-01	
3.796391e-02	3.138797e-02	1.278676e+00	0.000000e+00	0.000000e+00	2.778262e+05	1.000000e-10	1.111305e+05	-7.881584e-01	0.000000e+00	3.027631e+02	1.858961e-05	7.215162e-03	-2.011629e-01	6.064492e-01	1.162669e-28	9.625480e-01	
4.175588e-02	-3.272472e-02	1.320693e+00	0.000000e+00	0.000000e+00	2.874206e+05	1.000000e-10	1.149682e+05	4.566161e-02	0.000000e+00	3.032538e+02	1.861272e-05	4.632320e-03	-1.049842e-01	4.924152e-01	1.318264e-28	9.588027e-01	
3.444509e-02	3.006547e-02	1.278661e+00	0.000000e+00	0.000000e+00	2.778201e+05	1.000000e-10	1.111280e+05	-7.886905e-01	0.000000e+00	3.027600e+02	1.858947e-05	7.343002e-03	-1.957308e-01	6.128930e-01	1.162641e-28	9.660229e-01	
3.796391e-02	-3.138797e-02	1.322156e+00	0.000000e+00	0.000000e+00	2.877549e+05	1.000000e-10	1.151019e+05	7.471328e-02	0.000000e+00	3.032707e+02	1.861351e-05	4.587248e-03	-9.795820e-02	4.910783e-01	1.323945e-28	9.625480e-01	
3.118434e-02	2.875905e-02	1.278750e+00	0.000000e+00	0.000000e+00	2.778361e+05	1.000000e-10	1.111344e+05	-7.873012e-01	0.000000e+00	3.027564e+02	1.858930e-05	7.468580e-03	-1.900077e-01	6.193278e-01	1.162996e-28	9.692424e-01	
3.444509e-02	-3.006547e-02	1.323716e+00	0.000000e+00	0.000000e+00	2.881118e+05	1.000000e-10	1.152447e+05	1.057303e-01	0.000000e+00	3.032890e+02	1.861437e-05	4.529888e-03	-9.106654e-02	4.891359e-01	1.330019e-28	9.660229e-01	
2.816724e-02	2.747033e-02	1.278951e+00	0.000000e+00	0.000000e+00	2.778757e+05	1.000000e-10	1.111503e+05	-7.838572e-01	0.000000e+00	3.027519e+02	1.858909e-05	7.590565e-03	-1.839945e-01	6.257143e-01	1.163768e-28	9.722209e-01	
3.118434e-02	-2.875905e-02	1.325375e+00	0.000000e+00	0.000000e+00	2.884908e+05	1.000000e-10	1.153963e+05	1.386711e-01	0.000000e+00	3.033077e+02	1.861526e-05	4.459769e-03	-8.427677e-02	4.865512e-01	1.336511e-28	9.692424e-01	
2.538000e-02	2.620076e-02	1.279271e+00	0.000000e+00	0.000000e+00	2.779415e+05	1.000000e-10	1.111766e+05	-7.781412e-01	0.000000e+00	3.027478e+02	1.858889e-05	7.707182e-03	-1.776930e-01	6.319931e-01	1.164971e-28	9.749721e-01	
2.816724e-02	-2.747033e-02	1.327138e+00	0.000000e+00	0.000000e+00	2.888932e+05	1.000000e-10	1.155573e+05	1.736476e-01	0.000000e+00	3.033273e+02	1.861618e-05	4.379380e-03	-7.776865e-02	4.834415e-01	1.343438e-28	9.722209e-01	
2.280944e-02	2.495170e-02	1.279742e+00	0.000000e+00	0.000000e+00	2.780409e+05	1.000000e-10	1.112164e+05	-7.694958e-01	0.000000e+00	3.027448e+02	1.858875e-05	7.815592e-03	-1.710629e-01	6.380702e-01	1.166713e-28	9.775091e-01	
2.538000e-02	-2.620076e-02	1.329012e+00	0.000000e+00	0.000000e+00	2.893199e+05	1.000000e-10	1.157279e+05	2.107231e-01	0.000000e+00	3.033469e+02	1.861710e-05	4.291666e-03	-7.152315e-02	4.799567e-01	1.350840e-28	9.749721e-01	
2.044304e-02	2.372436e-02	1.280365e+00	0.000000e+00	0.000000e+00	2.781748e+05	1.000000e-10	1.112699e+05	-7.578645e-01	0.000000e+00	3.027430e+02	1.858867e-05	7.910775e-03	-1.639918e-01	6.437585e-01	1.169004e-28	9.798442e-01	
2.280944e-02	-2.495170e-02	1.331004e+00	0.000000e+00	0.000000e+00	2.897709e+05	1.000000e-10	1.159084e+05	2.499204e-01	0.000000e+00	3.033652e+02	1.861796e-05	4.200118e-03	-6.563401e-02	4.762823e-01	1.358766e-28	9.775091e-01	
1.826886e-02	2.251990e-02	1.281155e+00	0.000000e+00	0.000000e+00	2.783455e+05	1.000000e-10	1.113382e+05	-7.430284e-01	0.000000e+00	3.027421e+02	1.858863e-05	7.991054e-03	-1.565294e-01	6.490120e-01	1.171897e-28	9.819894e-01	
2.044304e-02	-2.372436e-02	1.333120e+00	0.000000e+00	0.000000e+00	2.902463e+05	1.000000e-10	1.160985e+05	2.912338e-01	0.000000e+00	3.033804e+02	1.861868e-05	4.108423e-03	-6.009373e-02	4.726264e-01	1.367273e-28	9.798442e-01	
1.627552e-02	2.133943e-02	1.282134e+00	0.000000e+00	0.000000e+00	2.785587e+05	1.000000e-10	1.114235e+05	-7.245017e-01	0.000000e+00	3.027427e+02	1.858865e-05	8.055527e-03	-1.487555e-01	6.538162e-01	1.175479e-28	9.839559e-01	
1.826886e-02	-2.251990e-02	1.335360e+00	0.000000e+00	0.000000e+00	2.907449e+05	1.000000e-10	1.162980e+05	3.345698e-01	0.000000e+00	3.033919e+02	1.861922e-05	4.020336e-03	-5.488229e-02	4.692087e-01	1.376366e-28	9.819894e-01	
1.445220e-02	2.018403e-02	1.283323e+00	0.000000e+00	0.000000e+00	2.788197e+05	1.000000e-10	1.115279e+05	-7.018181e-01	0.000000e+00	3.027456e+02	1.858879e-05	8.101946e-03	-1.406935e-01	6.580982e-01	1.179819e-28	9.857545e-01	
1.627552e-02	-2.133943e-02	1.337720e+00	0.000000e+00	0.000000e+00	2.912658e+05	1.000000e-10	1.165063e+05	3.798398e-01	0.000000e+00	3.033994e+02	1.861957e-05	3.938773e-03	-4.999472e-02	4.662119e-01	1.386040e-28	9.839559e-01	
1.278872e-02	1.905473e-02	1.284732e+00	0.000000e+00	0.000000e+00	2.791301e+05	1.000000e-10	1.116520e+05	-6.748440e-01	0.000000e+00	3.027502e+02	1.858901e-05	8.129134e-03	-1.324216e-01	6.618249e-01	1.184967e-28	9.873952e-01	
1.445220e-02	-2.018403e-02	1.340190e+00	0.000000e+00	0.000000e+00	2.918083e+05	1.000000e-10	1.167233e+05	4.269832e-01	0.000000e+00	3.034042e+02	1.861980e-05	3.864441e-03	-4.538765e-02	4.636934e-01	1.396256e-28	9.857545e-01	
1.127516e-02	1.795263e-02	1.286409e+00	0.000000e+00	0.000000e+00	2.794994e+05	1.000000e-10	1.117998e+05	-6.427416e-01	0.000000e+00	3.027556e+02	1.858926e-05	8.141735e-03	-1.241851e-01	6.652156e-01	1.191119e-28	9.888878e-01	
1.278872e-02	-1.905473e-02	1.342758e+00	0.000000e+00	0.000000e+00	2.923711e+05	1.000000e-10	1.169484e+05	4.758999e-01	0.000000e+00	3.034080e+02	1.861998e-05	3.796337e-03	-4.102141e-02	4.616079e-01	1.406948e-28	9.873952e-01	
9.902279e-03	1.687881e-02	1.288366e+00	0.000000e+00	0.000000e+00	2.799315e+05	1.000000e-10	1.119726e+05	-6.051908e-01	0.000000e+00	3.027631e+02	1.858961e-05	8.141661e-03	-1.160915e-01	6.683484e-01	1.198313e-28	9.902416e-01	
1.127516e-02	-1.795263e-02	1.345415e+00	0.000000e+00	0.000000e+00	2.929553e+05	1.000000e-10	1.171821e+05	5.266706e-01	0.000000e+00	3.034138e+02	1.862025e-05	3.726464e-03	-3.684996e-02	4.594812e-01	1.418055e-28	9.888878e-01	
8.660978e-03	1.583433e-02	1.290583e+00	0.000000e+00	0.000000e+00	2.804215e+05	1.000000e-10	1.121686e+05	-5.626101e-01	0.000000e+00	3.027719e+02	1.859003e-05	8.132687e-03	-1.082798e-01	6.713926e-01	1.206503e-28	9.914655e-01	
9.902279e-03	-1.687881e-02	1.348073e+00	0.000000e+00	0.000000e+00	2.935380e+05	1.000000e-10	1.174152e+05	5.773121e-01	0.000000e+00	3.034179e+02	1.862044e-05	3.649756e-03	-3.283891e-02	4.569786e-01	1.429250e-28	9.902416e-01	
7.542787e-03	1.482043e-02	1.293079e+00	0.000000e+00	0.000000e+00	2.809733e+05	1.000000e-10	1.123893e+05	-5.146520e-01	0.000000e+00	3.027821e+02	1.859051e-05	8.123452e-03	-1.009803e-01	6.747202e-01	1.215770e-28	9.925679e-01	
8.660978e-03	-1.583433e-02	1.350737e+00	0.000000e+00	0.000000e+00	2.941247e+05	1.000000e-10	1.176499e+05	6.282982e-01	0.000000e+00	3.034249e+02	1.862077e-05	3.568737e-03	-2.906463e-02	4.542465e-01	1.440503e-28	9.914655e-01	
6.539262e-03	1.383810e-02	1.295855e+00	0.000000e+00	0.000000e+00	2.815888e+05	1.000000e-10	1.126355e+05	-4.611569e-01	0.000000e+00	3.027954e+02	1.859113e-05	8.111412e-03	-9.410607e-02	6.782355e-01	1.226121e-28	9.935571e-01	
7.542787e-03	-1.482043e-02	1.353361e+00	0.000000e+00	0.000000e+00	2.947044e+05	1.000000e-10	1.178817e+05	6.786752e-01	0.000000e+00	3.034332e+02	1.862116e-05	3.475384e-03	-2.556944e-02	4.507480e-01	1.451642e-28	9.925679e-01	
5.642485e-03	1.288858e-02	1.298882e+00	0.000000e+00	0.000000e+00	2.822622e+05	1.000000e-10	1.129049e+05	-4.026416e-01	0.000000e+00	3.028121e+02	1.859192e-05	8.093800e-03	-8.758277e-02	6.818388e-01	1.237460e-28	9.944410e-01	
6.539262e-03	-1.383810e-02	1.355925e+00	0.000000e+00	0.000000e+00	2.952715e+05	1.000000e-10	1.181086e+05	7.279645e-01	0.000000e+00	3.034424e+02	1.862160e-05	3.365038e-03	-2.203057e-02	4.461242e-01	1.462568e-28	9.935571e-01	
4.844550e-03	1.197282e-02	1.302120e+00	0.000000e+00	0.000000e+00	2.829833e+05	1.000000e-10	1.131933e+05	-3.399729e-01	0.000000e+00	3.028308e+02	1.859280e-05	8.070575e-03	-8.139757e-02	6.855301e-01	1.249668e-28	9.952275e-01	
5.642485e-03	-1.288858e-02	1.358377e+00	0.000000e+00	0.000000e+00	2.958168e+05	1.000000e-10	1.183267e+05	7.753521e-01	0.000000e+00	3.034539e+02	1.862213e-05	3.232402e-03	-1.884248e-02	4.399349e-01	1.473052e-28	9.944410e-01	
4.137967e-03	1.109193e-02	1.305555e+00	0.000000e+00	0.000000e+00	2.837494e+05	1.000000e-10	1.134998e+05	-2.733885e-01	0.000000e+00	3.028517e+02	1.859379e-05	8.048367e-03	-7.568155e-02	6.896040e-01	1.262707e-28	9.959238e-01	
4.844550e-03	-1.197282e-02	1.360689e+00	0.000000e+00	0.000000e+00	2.963317e+05	1.000000e-10	1.185327e+05	8.201027e-01	0.000000e+00	3.034658e+02	1.862270e-05	3.071419e-03	-1.581893e-02	4.316184e-01	1.482968e-28	9.952275e-01	
3.515320e-03	1.024671e-02	1.309163e+00	0.000000e+00	0.000000e+00	2.845555e+05	1.000000e-10	1.138222e+05	-2.033368e-01	0.000000e+00	3.028751e+02	1.859489e-05	8.025870e-03	-7.038687e-02	6.940305e-01	1.276495e-28	9.965374e-01	
4.137967e-03	-1.109193e-02	1.362833e+00	0.000000e+00	0.000000e+00	2.968107e+05	1.000000e-10	1.187243e+05	8.617296e-01	0.000000e+00	3.034780e+02	1.862327e-05	2.875238e-03	-1.302741e-02	4.204539e-01	1.492202e-28	9.959238e-01	
2.969442e-03	9.437891e-03	1.312929e+00	0.000000e+00	0.000000e+00	2.854032e+05	1.000000e-10	1.141613e+05	-1.296580e-01	0.000000e+00	3.029060e+02	1.859634e-05	7.988778e-03	-6.523031e-02	6.981888e-01	1.290944e-28	9.970752e-01	
3.515320e-03	-1.024671e-02	1.364758e+00	0.000000e+00	0.000000e+00	2.972426e+05	1.000000e-10	1.188970e+05	8.992632e-01	0.000000e+00	3.034910e+02	1.862388e-05	2.637429e-03	-1.037236e-02	4.055806e-01	1.500501e-28	9.965374e-01	
2.493434e-03	8.666020e-03	1.316708e+00	0.000000e+00	0.000000e+00	2.862532e+05	1.000000e-10	1.145013e+05	-5.579528e-02	0.000000e+00	3.029361e+02	1.859776e-05	7.918930e-03	-5.998518e-02	7.012595e-01	1.305574e-28	9.975442e-01	
2.969442e-03	-9.437891e-03	1.366452e+00	0.000000e+00	0.000000e+00	2.976220e+05	1.000000e-10	1.190488e+05	9.322421e-01	0.000000e+00	3.035016e+02	1.862438e-05	2.361020e-03	-8.032984e-03	3.866383e-01	1.507846e-28	9.970752e-01	
2.080623e-03	7.931397e-03	1.320454e+00	0.000000e+00	0.000000e+00	2.870958e+05	1.000000e-10	1.148383e+05	1.743257e-02	0.000000e+00	3.029659e+02	1.859917e-05	7.833503e-03	-5.496206e-02	7.039701e-01	1.320193e-28	9.979509e-01	
2.493434e-03	-8.666020e-03	1.367897e+00	0.000000e+00	0.000000e+00	2.979444e+05	1.000000e-10	1.191778e+05	9.602586e-01	0.000000e+00	3.035095e+02	1.862475e-05	2.052941e-03	-5.974762e-03	3.634007e-01	1.514142e-28	9.975442e-01	
1.724623e-03	7.234077e-03	1.324158e+00	0.000000e+00	0.000000e+00	2.879321e+05	1.000000e-10	1.151728e+05	9.011305e-02	0.000000e+00	3.029986e+02	1.860070e-05	7.728114e-03	-5.010931e-02	7.061074e-01	1.334738e-28	9.983016e-01	
2.080623e-03	-7.931397e-03	1.369092e+00	0.000000e+00	0.000000e+00	2.982089e+05	1.000000e-10	1.192836e+05	9.832455e-01	0.000000e+00	3.035138e+02	1.862495e-05	1.723339e-03	-4.306835e-03	3.357487e-01	1.519390e-28	9.979509e-01	
1.419378e-03	6.573860e-03	1.327767e+00	0.000000e+00	0.000000e+00	2.887466e+05	1.000000e-10	1.154986e+05	1.609036e-01	0.000000e+00	3.030298e+02	1.860217e-05	7.597489e-03	-4.540176e-02	7.073983e-01	1.349030e-28	9.986023e-01	
1.724623e-03	-7.234077e-03	1.370039e+00	0.000000e+00	0.000000e+00	2.984146e+05	1.000000e-10	1.193658e+05	1.001118e+00	0.000000e+00	3.035130e+02	1.862492e-05	1.377838e-03	-2.975131e-03	3.028760e-01	1.523611e-28	9.983016e-01	
1.159193e-03	5.950300e-03	1.331242e+00	0.000000e+00	0.000000e+00	2.895338e+05	1.000000e-10	1.158135e+05	2.293166e-01	0.000000e+00	3.030628e+02	1.860373e-05	7.437031e-03	-4.080293e-02	7.075637e-01	1.362866e-28	9.988585e-01	
1.419378e-03	-6.573860e-03	1.370719e+00	0.000000e+00	0.000000e+00	2.985549e+05	1.000000e-10	1.194220e+05	1.013316e+00	0.000000e+00	3.035053e+02	1.862455e-05	1.011737e-03	-1.957901e-03	2.619713e-01	1.526723e-28	9.986023e-01	
9.387642e-04	5.362709e-03	1.334571e+00	0.000000e+00	0.000000e+00	2.902862e+05	1.000000e-10	1.161145e+05	2.947044e-01	0.000000e+00	3.030925e+02	1.860513e-05	7.251671e-03	-3.641601e-02	7.067778e-01	1.376237e-28	9.990756e-01	
1.159193e-03	-5.950300e-03	1.371041e+00	0.000000e+00	0.000000e+00	2.986164e+05	1.000000e-10	1.194466e+05	1.018660e+00	0.000000e+00	3.034965e+02	1.862414e-05	6.207845e-04	-1.270587e-03	2.072319e-01	1.528261e-28	9.988585e-01	
7.531893e-04	4.810177e-03	1.337737e+00	0.000000e+00	0.000000e+00	2.910054e+05	1.000000e-10	1.164021e+05	3.572049e-01	0.000000e+00	3.031242e+02	1.860662e-05	7.037878e-03	-3.221564e-02	7.047780e-01	1.389011e-28	9.992584e-01	
9.387642e-04	-5.362709e-03	1.371008e+00	0.000000e+00	0.000000e+00	2.986059e+05	1.000000e-10	1.194424e+05	1.017749e+00	0.000000e+00	3.034931e+02	1.862398e-05	2.293777e-04	-9.313415e-04	1.272766e-01	1.528154e-28	9.990756e-01	
5.979923e-04	4.291611e-03	1.340739e+00	0.000000e+00	0.000000e+00	2.916865e+05	1.000000e-10	1.166746e+05	4.164057e-01	0.000000e+00	3.031534e+02	1.860799e-05	6.800828e-03	-2.826821e-02	7.017281e-01	1.401211e-28	9.994112e-01	
7.531893e-04	-4.810177e-03	1.370746e+00	0.000000e+00	0.000000e+00	2.985562e+05	1.000000e-10	1.194225e+05	1.013430e+00	0.000000e+00	3.035005e+02	1.862433e-05	7.346232e-04	-1.124508e-03	2.302734e-01	1.526901e-28	9.992584e-01	
4.691284e-04	3.805771e-03	1.343608e+00	0.000000e+00	0.000000e+00	2.923376e+05	1.000000e-10	1.169350e+05	4.729865e-01	0.000000e+00	3.031812e+02	1.860930e-05	6.539080e-03	-2.454728e-02	6.974516e-01	1.412946e-28	9.995381e-01	
5.979923e-04	-4.291611e-03	1.370371e+00	0.000000e+00	0.000000e+00	2.984766e+05	1.000000e-10	1.193907e+05	1.006514e+00	0.000000e+00	3.035026e+02	1.862443e-05	1.002623e-03	-1.324343e-03	2.721576e-01	1.525209e-28	9.994112e-01	
3.629543e-04	3.351289e-03	1.346332e+00	0.000000e+00	0.000000e+00	2.929552e+05	1.000000e-10	1.171821e+05	5.266614e-01	0.000000e+00	3.032072e+02	1.861052e-05	6.284554e-03	-2.128504e-02	6.935632e-01	1.424155e-28	9.996427e-01	
4.691284e-04	-3.805771e-03	1.369863e+00	0.000000e+00	0.000000e+00	2.983651e+05	1.000000e-10	1.193461e+05	9.968240e-01	0.000000e+00	3.035018e+02	1.862439e-05	1.267815e-03	-1.574033e-03	3.098375e-01	1.522954e-28	9.995381e-01	
2.762360e-04	2.926719e-03	1.348837e+00	0.000000e+00	0.000000e+00	2.935265e+05	1.000000e-10	1.174106e+05	5.763140e-01	0.000000e+00	3.032342e+02	1.861179e-05	5.993837e-03	-1.819441e-02	6.875810e-01	1.434493e-28	9.997280e-01	
3.629543e-04	-3.351289e-03	1.369232e+00	0.000000e+00	0.000000e+00	2.982252e+05	1.000000e-10	1.192901e+05	9.846605e-01	0.000000e+00	3.034993e+02	1.862427e-05	1.553614e-03	-1.885235e-03	3.475058e-01	1.520178e-28	9.996427e-01	
2.061140e-04	2.530564e-03	1.350979e+00	0.000000e+00	0.000000e+00	2.940183e+05	1.000000e-10	1.176073e+05	6.190496e-01	0.000000e+00	3.032606e+02	1.861304e-05	5.703644e-03	-1.552793e-02	6.813885e-01	1.443336e-28	9.997971e-01	
2.762360e-04	-2.926719e-03	1.368515e+00	0.000000e+00	0.000000e+00	2.980646e+05	1.000000e-10	1.192258e+05	9.707054e-01	0.000000e+00	3.034948e+02	1.862406e-05	1.862132e-03	-2.277542e-03	3.857763e-01	1.517050e-28	9.997280e-01	
1.500786e-04	2.161300e-03	1.352756e+00	0.000000e+00	0.000000e+00	2.944273e+05	1.000000e-10	1.177709e+05	6.545974e-01	0.000000e+00	3.032836e+02	1.861412e-05	5.427909e-03	-1.329626e-02	6.758155e-01	1.450693e-28	9.998523e-01	
2.061140e-04	-2.530564e-03	1.367737e+00	0.000000e+00	0.000000e+00	2.978902e+05	1.000000e-10	1.191561e+05	9.555510e-01	0.000000e+00	3.034897e+02	1.862382e-05	2.185964e-03	-2.732936e-03	4.241951e-01	1.513663e-28	9.997971e-01	
1.059404e-04	1.817405e-03	1.354249e+00	0.000000e+00	0.000000e+00	2.947720e+05	1.000000e-10	1.179088e+05	6.845523e-01	0.000000e+00	3.033038e+02	1.861507e-05	5.157987e-03	-1.137838e-02	6.703796e-01	1.456885e-28	9.998957e-01	
1.500786e-04	-2.161300e-03	1.366933e+00	0.000000e+00	0.000000e+00	2.977101e+05	1.000000e-10	1.190840e+05	9.398931e-01	0.000000e+00	3.034846e+02	1.862358e-05	2.507116e-03	-3.217223e-03	4.614686e-01	1.510162e-28	9.998523e-01	
7.180327e-05	1.497377e-03	1.355549e+00	0.000000e+00	0.000000e+00	2.950734e+05	1.000000e-10	1.180294e+05	7.107496e-01	0.000000e+00	3.033229e+02	1.861597e-05	4.933203e-03	-9.883293e-03	6.677599e-01	1.462274e-28	9.999293e-01	
1.059404e-04	-1.817405e-03	1.366116e+00	0.000000e+00	0.000000e+00	2.975274e+05	1.000000e-10	1.190110e+05	9.240198e-01	0.000000e+00	3.034798e+02	1.862336e-05	2.815259e-03	-3.703740e-03	4.972114e-01	1.506611e-28	9.998957e-01	
4.602934e-05	1.199749e-03	1.356706e+00	0.000000e+00	0.000000e+00	2.953439e+05	1.000000e-10	1.181376e+05	7.342555e-01	0.000000e+00	3.033420e+02	1.861687e-05	4.741388e-03	-8.678719e-03	6.674432e-01	1.467060e-28	9.999547e-01	
7.180327e-05	-1.497377e-03	1.365304e+00	0.000000e+00	0.000000e+00	2.973458e+05	1.000000e-10	1.189383e+05	9.082382e-01	0.000000e+00	3.034750e+02	1.862313e-05	3.080047e-03	-4.098510e-03	5.293276e-01	1.503085e-28	9.999293e-01	
2.721276e-05	9.231024e-04	1.357727e+00	0.000000e+00	0.000000e+00	2.955840e+05	1.000000e-10	1.182336e+05	7.551242e-01	0.000000e+00	3.033603e+02	1.861773e-05	4.538255e-03	-7.566202e-03	6.664409e-01	1.471277e-28	9.999732e-01	
4.602934e-05	-1.199749e-03	1.364509e+00	0.000000e+00	0.000000e+00	2.971679e+05	1.000000e-10	1.188672e+05	8.927790e-01	0.000000e+00	3.034701e+02	1.862290e-05	3.316168e-03	-4.429543e-03	5.596087e-01	1.499645e-28	9.999547e-01	
1.415063e-05	6.660730e-04	1.358630e+00	0.000000e+00	0.000000e+00	2.957960e+05	1.000000e-10	1.183184e+05	7.735503e-01	0.000000e+00	3.033763e+02	1.861848e-05	4.330506e-03	-6.563471e-03	6.651403e-01	1.475015e-28	9.999861e-01	
2.721276e-05	-9.231024e-04	1.363741e+00	0.000000e+00	0.000000e+00	2.969947e+05	1.000000e-10	1.187979e+05	8.777241e-01	0.000000e+00	3.034641e+02	1.862262e-05	3.536576e-03	-4.721128e-03	5.894602e-01	1.496338e-28	9.999732e-01	
5.818606e-06	4.273592e-04	1.359442e+00	0.000000e+00	0.000000e+00	2.959866e+05	1.000000e-10	1.183946e+05	7.901116e-01	0.000000e+00	3.033903e+02	1.861914e-05	4.152044e-03	-5.750086e-03	6.661824e-01	1.478388e-28	9.999943e-01	
1.415063e-05	-6.660730e-04	1.363011e+00	0.000000e+00	0.000000e+00	2.968282e+05	1.000000e-10	1.187313e+05	8.632488e-01	0.000000e+00	3.034562e+02	1.862225e-05	3.703229e-03	-4.880157e-03	6.159503e-01	1.493228e-28	9.999861e-01	
1.346917e-06	2.057247e-04	1.360178e+00	0.000000e+00	0.000000e+00	2.961580e+05	1.000000e-10	1.184632e+05	8.050031e-01	0.000000e+00	3.034018e+02	1.861968e-05	4.014007e-03	-5.121561e-03	6.707787e-01	1.481462e-28	9.999987e-01	
5.818606e-06	-4.273592e-04	1.362297e+00	0.000000e+00	0.000000e+00	2.966623e+05	1.000000e-10	1.186649e+05	8.488356e-01	0.000000e+00	3.034456e+02	1.862175e-05	3.826726e-03	-4.924974e-03	6.401336e-01	1.490222e-28	9.999943e-01	
0.000000e+00	0.000000e+00	1.360893e+00	0.000000e+00	0.000000e+00	2.963272e+05	1.000000e-10	1.185309e+05	8.197129e-01	0.000000e+00	3.034156e+02	1.862033e-05	3.928139e-03	-4.823772e-03	6.782199e-01	1.484425e-28	1.000000e+00	
1.346917e-06	-2.057247e-04	1.361593e+00	0.000000e+00	0.000000e+00	2.964950e+05	1.000000e-10	1.185980e+05	8.342920e-01	0.000000e+00	3.034312e+02	1.862107e-05	3.892248e-03	-4.827690e-03	6.608214e-01	1.487308e-28	9.999987e-01	
2	1
3	2
1	4
5	3
4	6
7	5
6	8
9	7
8	10
11	9
10	12
13	11
12	14
15	13
14	16
17	15
16	18
19	17
18	20
21	19
20	22
23	21
22	24
25	23
24	26
27	25
26	28
29	27
28	30
31	29
30	32
33	31
32	34
35	33
34	36
37	35
36	38
39	37
38	40
41	39
40	42
43	41
42	44
45	43
44	46
47	45
46	48
49	47
48	50
51	49
50	52
53	51
52	54
55	53
54	56
57	55
56	58
59	57
58	60
61	59
60	62
63	61
62	64
65	63
64	66
67	65
66	68
69	67
68	70
71	69
70	72
73	71
72	74
75	73
74	76
77	75
76	78
79	77
78	80
81	79
80	82
83	81
82	84
85	83
84	86
87	85
86	88
89	87
88	90
91	89
90	92
93	91
92	94
95	93
94	96
97	95
96	98
99	97
98	100
101	99
100	102
103	101
102	104
105	103
104	106
107	105
106	108
109	107
108	110
111	109
110	112
113	111
112	114
115	113
114	116
117	115
116	118
119	117
118	120
121	119
120	122
123	121
122	124
125	123
124	126
127	125
126	128
129	127
128	130
131	129
130	132
133	131
132	134
135	133
134	136
137	135
136	138
139	137
138	140
141	139
140	142
143	141
142	144
145	143
144	146
147	145
146	148
149	147
148	150
151	149
150	152
153	151
152	154
155	153
154	156
157	155
156	158
159	157
158	160
161	159
160	162
163	161
162	164
165	163
164	166
167	165
166	168
169	167
168	170
171	169
170	172
173	171
172	174
175	173
174	176
177	175
176	178
179	177
178	180
181	179
180	182
183	181
182	184
185	183
184	186
187	185
186	188
189	187
188	190
191	189
190	192
193	191
192	194
195	193
194	196
197	195
196	198
199	197
198	200
201	199
200	202
203	201
202	204
205	203
204	206
207	205
206	208
209	207
208	210
211	209
210	212
213	211
212	214
215	213
214	216
217	215
216	218
219	217
218	220
221	219
220	222
223	221
222	224
225	223
224	226
227	225
226	228
229	227
228	230
231	229
230	232
233	231
232	234
235	233
234	236
237	235
236	238
239	237
238	240
241	239
240	242
243	241
242	244
245	243
244	246
247	245
246	248
249	247
248	250
251	249
250	252
253	251
252	254
255	253
254	256
256	255
