TITLE = "Visualization of the surface solution"
VARIABLES = "x","y","Conservative_1","Conservative_2","Conservative_3","Conservative_4","Conservative_5","Pressure","Pressure_Coefficient","Mach", "Temperature", "Laminar_Viscosity", "Skin_Friction_Coefficient", "Heat_Flux", "Y_Plus", "Eddy_Viscosity", "Sharp_Edge_Dist"
ZONE NODES= 256, ELEMENTS= 256, DATAPACKING=POINT, ZONETYPE=FELINESEG
1.000000e+00	5.352203e-08	4.499416e+01	0.000000e+00	0.000000e+00	9.686986e+06	1.000000e-10	3.874794e+06	4.149768e-01	0.000000e+00	3.000011e+02	1.845921e-05	1.289768e-06	-1.367304e-05	1.003274e+01	1.820581e-22	0.000000e+00	
9.979658e-01	2.881795e-04	4.499357e+01	0.000000e+00	0.000000e+00	9.686945e+06	1.000000e-10	3.874778e+06	2.948989e-01	0.000000e+00	3.000038e+02	1.845934e-05	1.931034e-02	-2.536451e-03	1.041537e+00	1.820447e-22	2.054475e-03	
9.957821e-01	5.967887e-04	4.499345e+01	0.000000e+00	0.000000e+00	9.686943e+06	1.000000e-10	3.874777e+06	2.883729e-01	0.000000e+00	3.000045e+02	1.845938e-05	2.696498e-02	-1.652853e-03	1.226927e+00	1.820418e-22	4.259930e-03	
9.979658e-01	-2.881795e-04	4.499357e+01	0.000000e+00	0.000000e+00	9.686946e+06	1.000000e-10	3.874778e+06	2.970276e-01	0.000000e+00	3.000038e+02	1.845934e-05	1.954172e-02	-2.510299e-03	1.047759e+00	1.820448e-22	2.054490e-03	
9.934385e-01	9.270489e-04	4.499347e+01	0.000000e+00	0.000000e+00	9.686940e+06	1.000000e-10	3.874776e+06	2.794435e-01	0.000000e+00	3.000043e+02	1.845936e-05	2.843245e-02	-8.667197e-04	1.256207e+00	1.820424e-22	6.626694e-03	
9.957821e-01	-5.967887e-04	4.499345e+01	0.000000e+00	0.000000e+00	9.686943e+06	1.000000e-10	3.874777e+06	2.890748e-01	0.000000e+00	3.000045e+02	1.845938e-05	2.697287e-02	-1.638420e-03	1.227107e+00	1.820418e-22	4.259945e-03	
9.909241e-01	1.280290e-03	4.499351e+01	0.000000e+00	0.000000e+00	9.686934e+06	1.000000e-10	3.874773e+06	2.611414e-01	0.000000e+00	3.000038e+02	1.845934e-05	2.683135e-02	-4.518872e-04	1.217024e+00	1.820437e-22	9.165706e-03	
9.934385e-01	-9.270489e-04	4.499347e+01	0.000000e+00	0.000000e+00	9.686940e+06	1.000000e-10	3.874776e+06	2.797802e-01	0.000000e+00	3.000043e+02	1.845936e-05	2.843002e-02	-8.532192e-04	1.256154e+00	1.820425e-22	6.626709e-03	
9.882276e-01	1.657893e-03	4.499353e+01	0.000000e+00	0.000000e+00	9.686927e+06	1.000000e-10	3.874771e+06	2.408645e-01	0.000000e+00	3.000035e+02	1.845933e-05	2.435463e-02	-4.671368e-04	1.156579e+00	1.820444e-22	1.188851e-02	
9.909241e-01	-1.280290e-03	4.499351e+01	0.000000e+00	0.000000e+00	9.686934e+06	1.000000e-10	3.874773e+06	2.613017e-01	0.000000e+00	3.000038e+02	1.845934e-05	2.684885e-02	-4.413781e-04	1.217421e+00	1.820437e-22	9.165721e-03	
9.853369e-01	2.061293e-03	4.499353e+01	0.000000e+00	0.000000e+00	9.686921e+06	1.000000e-10	3.874768e+06	2.246397e-01	0.000000e+00	3.000033e+02	1.845932e-05	2.244417e-02	-5.747133e-04	1.107693e+00	1.820447e-22	1.480727e-02	
9.882276e-01	-1.657893e-03	4.499353e+01	0.000000e+00	0.000000e+00	9.686927e+06	1.000000e-10	3.874771e+06	2.409004e-01	0.000000e+00	3.000035e+02	1.845933e-05	2.438566e-02	-4.567487e-04	1.157315e+00	1.820445e-22	1.188853e-02	
9.822392e-01	2.491970e-03	4.499353e+01	0.000000e+00	0.000000e+00	9.686918e+06	1.000000e-10	3.874767e+06	2.150233e-01	0.000000e+00	3.000032e+02	1.845931e-05	2.162937e-02	-5.617068e-04	1.085035e+00	1.820448e-22	1.793479e-02	
9.853369e-01	-2.061293e-03	4.499353e+01	0.000000e+00	0.000000e+00	9.686921e+06	1.000000e-10	3.874768e+06	2.245621e-01	0.000000e+00	3.000033e+02	1.845932e-05	2.248151e-02	-5.641408e-04	1.108614e+00	1.820448e-22	1.480729e-02	
9.789211e-01	2.951446e-03	4.499353e+01	0.000000e+00	0.000000e+00	9.686917e+06	1.000000e-10	3.874767e+06	2.113643e-01	0.000000e+00	3.000032e+02	1.845931e-05	2.168625e-02	-3.466823e-04	1.084265e+00	1.820450e-22	2.128449e-02	
9.822392e-01	-2.491970e-03	4.499353e+01	0.000000e+00	0.000000e+00	9.686918e+06	1.000000e-10	3.874767e+06	2.148455e-01	0.000000e+00	3.000032e+02	1.845931e-05	2.166889e-02	-5.485090e-04	1.086026e+00	1.820449e-22	1.793480e-02	
9.753688e-01	3.441283e-03	4.499355e+01	0.000000e+00	0.000000e+00	9.686918e+06	1.000000e-10	3.874767e+06	2.159306e-01	0.000000e+00	3.000031e+02	1.845931e-05	2.209365e-02	9.346624e-05	1.092348e+00	1.820453e-22	2.487043e-02	
9.789211e-01	-2.951446e-03	4.499353e+01	0.000000e+00	0.000000e+00	9.686917e+06	1.000000e-10	3.874767e+06	2.110964e-01	0.000000e+00	3.000031e+02	1.845931e-05	2.172575e-02	-3.299029e-04	1.085253e+00	1.820450e-22	2.128450e-02	
9.715675e-01	3.963073e-03	4.499357e+01	0.000000e+00	0.000000e+00	9.686921e+06	1.000000e-10	3.874769e+06	2.254881e-01	0.000000e+00	3.000030e+02	1.845931e-05	2.245574e-02	4.879558e-04	1.099342e+00	1.820458e-22	2.870732e-02	
9.753688e-01	-3.441283e-03	4.499355e+01	0.000000e+00	0.000000e+00	9.686918e+06	1.000000e-10	3.874767e+06	2.156419e-01	0.000000e+00	3.000031e+02	1.845931e-05	2.213250e-02	1.172855e-04	1.093307e+00	1.820453e-22	2.487045e-02	
9.675022e-01	4.518430e-03	4.499361e+01	0.000000e+00	0.000000e+00	9.686927e+06	1.000000e-10	3.874771e+06	2.417370e-01	0.000000e+00	3.000030e+02	1.845930e-05	2.265580e-02	1.457468e-03	1.102438e+00	1.820465e-22	3.281044e-02	
9.715675e-01	-3.963073e-03	4.499357e+01	0.000000e+00	0.000000e+00	9.686921e+06	1.000000e-10	3.874769e+06	2.252267e-01	0.000000e+00	3.000030e+02	1.845931e-05	2.249434e-02	5.136069e-04	1.100285e+00	1.820458e-22	2.870733e-02	
9.631568e-01	5.108981e-03	4.499365e+01	0.000000e+00	0.000000e+00	9.686934e+06	1.000000e-10	3.874774e+06	2.633544e-01	0.000000e+00	3.000029e+02	1.845930e-05	2.275352e-02	1.927314e-03	1.103151e+00	1.820473e-22	3.719570e-02	
9.675022e-01	-4.518430e-03	4.499361e+01	0.000000e+00	0.000000e+00	9.686927e+06	1.000000e-10	3.874771e+06	2.414925e-01	0.000000e+00	3.000030e+02	1.845930e-05	2.269423e-02	1.503163e-03	1.103373e+00	1.820465e-22	3.281045e-02	
9.585152e-01	5.736358e-03	4.499372e+01	0.000000e+00	0.000000e+00	9.686947e+06	1.000000e-10	3.874779e+06	2.994097e-01	0.000000e+00	3.000028e+02	1.845930e-05	2.283572e-02	3.522259e-03	1.103598e+00	1.820486e-22	4.187955e-02	
9.631568e-01	-5.108981e-03	4.499365e+01	0.000000e+00	0.000000e+00	9.686934e+06	1.000000e-10	3.874774e+06	2.632855e-01	0.000000e+00	3.000029e+02	1.845930e-05	2.279207e-02	1.959855e-03	1.104085e+00	1.820474e-22	3.719571e-02	
9.535602e-01	6.402178e-03	4.499378e+01	0.000000e+00	0.000000e+00	9.686958e+06	1.000000e-10	3.874783e+06	3.320417e-01	0.000000e+00	3.000027e+02	1.845929e-05	2.294085e-02	4.490747e-03	1.104702e+00	1.820497e-22	4.687897e-02	
9.585152e-01	-5.736358e-03	4.499372e+01	0.000000e+00	0.000000e+00	9.686947e+06	1.000000e-10	3.874779e+06	2.993952e-01	0.000000e+00	3.000028e+02	1.845930e-05	2.287421e-02	3.588935e-03	1.104529e+00	1.820486e-22	4.187957e-02	
9.482747e-01	7.108035e-03	4.499384e+01	0.000000e+00	0.000000e+00	9.686968e+06	1.000000e-10	3.874787e+06	3.624272e-01	0.000000e+00	3.000027e+02	1.845929e-05	2.306245e-02	5.284452e-03	1.106293e+00	1.820507e-22	5.221141e-02	
9.535602e-01	-6.402178e-03	4.499379e+01	0.000000e+00	0.000000e+00	9.686958e+06	1.000000e-10	3.874783e+06	3.322476e-01	0.000000e+00	3.000027e+02	1.845929e-05	2.297939e-02	4.529957e-03	1.105629e+00	1.820497e-22	4.687899e-02	
9.426407e-01	7.855481e-03	4.499391e+01	0.000000e+00	0.000000e+00	9.686981e+06	1.000000e-10	3.874793e+06	4.014020e-01	0.000000e+00	3.000026e+02	1.845929e-05	2.318515e-02	8.238512e-03	1.107994e+00	1.820519e-22	5.789470e-02	
9.482747e-01	-7.108035e-03	4.499384e+01	0.000000e+00	0.000000e+00	9.686968e+06	1.000000e-10	3.874787e+06	3.628363e-01	0.000000e+00	3.000027e+02	1.845929e-05	2.310111e-02	5.290422e-03	1.107220e+00	1.820507e-22	5.221142e-02	
9.366402e-01	8.646007e-03	4.499397e+01	0.000000e+00	0.000000e+00	9.686993e+06	1.000000e-10	3.874797e+06	4.347599e-01	0.000000e+00	3.000026e+02	1.845929e-05	2.329787e-02	6.791204e-03	1.109535e+00	1.820529e-22	6.394699e-02	
9.426407e-01	-7.855481e-03	4.499391e+01	0.000000e+00	0.000000e+00	9.686981e+06	1.000000e-10	3.874793e+06	4.016811e-01	0.000000e+00	3.000026e+02	1.845929e-05	2.322281e-02	8.285852e-03	1.108893e+00	1.820520e-22	5.789471e-02	
9.302548e-01	9.481022e-03	4.499409e+01	0.000000e+00	0.000000e+00	9.687019e+06	1.000000e-10	3.874807e+06	5.107956e-01	0.000000e+00	3.000026e+02	1.845928e-05	2.341217e-02	1.097922e-02	1.111186e+00	1.820550e-22	7.038666e-02	
9.366402e-01	-8.646007e-03	4.499397e+01	0.000000e+00	0.000000e+00	9.686993e+06	1.000000e-10	3.874797e+06	4.357676e-01	0.000000e+00	3.000026e+02	1.845928e-05	2.333572e-02	6.822766e-03	1.110435e+00	1.820529e-22	6.394700e-02	
9.234661e-01	1.036183e-02	4.499413e+01	0.000000e+00	0.000000e+00	9.687025e+06	1.000000e-10	3.874810e+06	5.297873e-01	0.000000e+00	3.000025e+02	1.845928e-05	2.351762e-02	1.188304e-02	1.112693e+00	1.820555e-22	7.723219e-02	
9.302548e-01	-9.481022e-03	4.499410e+01	0.000000e+00	0.000000e+00	9.687019e+06	1.000000e-10	3.874808e+06	5.112943e-01	0.000000e+00	3.000025e+02	1.845928e-05	2.345101e-02	1.118343e-02	1.112106e+00	1.820550e-22	7.038668e-02	
9.162555e-01	1.128962e-02	4.499432e+01	0.000000e+00	0.000000e+00	9.687066e+06	1.000000e-10	3.874827e+06	6.507551e-01	0.000000e+00	3.000026e+02	1.845928e-05	2.362476e-02	1.449538e-02	1.114307e+00	1.820585e-22	8.450203e-02	
9.234661e-01	-1.036183e-02	4.499413e+01	0.000000e+00	0.000000e+00	9.687025e+06	1.000000e-10	3.874810e+06	5.306296e-01	0.000000e+00	3.000025e+02	1.845928e-05	2.355585e-02	1.186292e-02	1.113597e+00	1.820555e-22	7.723221e-02	
9.086049e-01	1.226540e-02	4.499433e+01	0.000000e+00	0.000000e+00	9.687070e+06	1.000000e-10	3.874828e+06	6.624228e-01	0.000000e+00	3.000026e+02	1.845928e-05	2.372160e-02	1.604980e-02	1.115735e+00	1.820587e-22	9.221444e-02	
9.162555e-01	-1.128962e-02	4.499432e+01	0.000000e+00	0.000000e+00	9.687067e+06	1.000000e-10	3.874827e+06	6.521455e-01	0.000000e+00	3.000026e+02	1.845928e-05	2.366227e-02	1.455418e-02	1.115191e+00	1.820586e-22	8.450204e-02	
9.004963e-01	1.329003e-02	4.499456e+01	0.000000e+00	0.000000e+00	9.687122e+06	1.000000e-10	3.874849e+06	8.131474e-01	0.000000e+00	3.000027e+02	1.845929e-05	2.381708e-02	1.811219e-02	1.117187e+00	1.820623e-22	1.003873e-01	
9.086049e-01	-1.226540e-02	4.499434e+01	0.000000e+00	0.000000e+00	9.687071e+06	1.000000e-10	3.874828e+06	6.642088e-01	0.000000e+00	3.000026e+02	1.845928e-05	2.376007e-02	1.621305e-02	1.116638e+00	1.820588e-22	9.221445e-02	
8.919122e-01	1.436413e-02	4.499456e+01	0.000000e+00	0.000000e+00	9.687123e+06	1.000000e-10	3.874849e+06	8.177260e-01	0.000000e+00	3.000027e+02	1.845929e-05	2.390756e-02	2.038835e-02	1.118574e+00	1.820622e-22	1.090381e-01	
9.004963e-01	-1.329003e-02	4.499456e+01	0.000000e+00	0.000000e+00	9.687121e+06	1.000000e-10	3.874849e+06	8.124191e-01	0.000000e+00	3.000027e+02	1.845929e-05	2.385392e-02	1.789565e-02	1.118052e+00	1.820623e-22	1.003873e-01	
8.828360e-01	1.548810e-02	4.499477e+01	0.000000e+00	0.000000e+00	9.687174e+06	1.000000e-10	3.874870e+06	9.663690e-01	0.000000e+00	3.000028e+02	1.845930e-05	2.398515e-02	1.993087e-02	1.119710e+00	1.820656e-22	1.181832e-01	
8.919122e-01	-1.436413e-02	4.499457e+01	0.000000e+00	0.000000e+00	9.687125e+06	1.000000e-10	3.874850e+06	8.213635e-01	0.000000e+00	3.000027e+02	1.845929e-05	2.394569e-02	2.105939e-02	1.119465e+00	1.820624e-22	1.090381e-01	
8.732520e-01	1.666204e-02	4.499479e+01	0.000000e+00	0.000000e+00	9.687180e+06	1.000000e-10	3.874872e+06	9.841363e-01	0.000000e+00	3.000029e+02	1.845930e-05	2.406590e-02	2.427367e-02	1.120965e+00	1.820656e-22	1.278384e-01	
8.828360e-01	-1.548810e-02	4.499477e+01	0.000000e+00	0.000000e+00	9.687173e+06	1.000000e-10	3.874869e+06	9.631661e-01	0.000000e+00	3.000028e+02	1.845930e-05	2.402085e-02	1.886788e-02	1.120543e+00	1.820654e-22	1.181832e-01	
8.631457e-01	1.788578e-02	4.499496e+01	0.000000e+00	0.000000e+00	9.687221e+06	1.000000e-10	3.874888e+06	1.105147e+00	0.000000e+00	3.000031e+02	1.845931e-05	2.412983e-02	2.114059e-02	1.121874e+00	1.820682e-22	1.380181e-01	
8.732520e-01	-1.666204e-02	4.499481e+01	0.000000e+00	0.000000e+00	9.687183e+06	1.000000e-10	3.874873e+06	9.918878e-01	0.000000e+00	3.000029e+02	1.845930e-05	2.410487e-02	2.695246e-02	1.121871e+00	1.820660e-22	1.278385e-01	
8.525041e-01	1.915879e-02	4.499499e+01	0.000000e+00	0.000000e+00	9.687233e+06	1.000000e-10	3.874893e+06	1.138708e+00	0.000000e+00	3.000032e+02	1.845932e-05	2.419433e-02	2.529570e-02	1.122834e+00	1.820685e-22	1.487350e-01	
8.631457e-01	-1.788578e-02	4.499494e+01	0.000000e+00	0.000000e+00	9.687219e+06	1.000000e-10	3.874888e+06	1.097999e+00	0.000000e+00	3.000031e+02	1.845931e-05	2.416337e-02	1.807706e-02	1.122651e+00	1.820679e-22	1.380181e-01	
8.413160e-01	2.048016e-02	4.499511e+01	0.000000e+00	0.000000e+00	9.687263e+06	1.000000e-10	3.874905e+06	1.227732e+00	0.000000e+00	3.000034e+02	1.845932e-05	2.425057e-02	2.403520e-02	1.123643e+00	1.820702e-22	1.600001e-01	
8.525041e-01	-1.915879e-02	4.499502e+01	0.000000e+00	0.000000e+00	9.687238e+06	1.000000e-10	3.874895e+06	1.154696e+00	0.000000e+00	3.000032e+02	1.845931e-05	2.423460e-02	3.170086e-02	1.123768e+00	1.820691e-22	1.487350e-01	
8.295722e-01	2.184859e-02	4.499513e+01	0.000000e+00	0.000000e+00	9.687273e+06	1.000000e-10	3.874909e+06	1.258154e+00	0.000000e+00	3.000036e+02	1.845933e-05	2.429487e-02	2.239391e-02	1.124213e+00	1.820703e-22	1.718226e-01	
8.413160e-01	-2.048016e-02	4.499508e+01	0.000000e+00	0.000000e+00	9.687258e+06	1.000000e-10	3.874903e+06	1.213101e+00	0.000000e+00	3.000034e+02	1.845932e-05	2.428033e-02	1.772566e-02	1.124332e+00	1.820697e-22	1.600002e-01	
8.172658e-01	2.326236e-02	4.499522e+01	0.000000e+00	0.000000e+00	9.687296e+06	1.000000e-10	3.874918e+06	1.323453e+00	0.000000e+00	3.000037e+02	1.845934e-05	2.434228e-02	2.720669e-02	1.124888e+00	1.820716e-22	1.842089e-01	
8.295722e-01	-2.184859e-02	4.499518e+01	0.000000e+00	0.000000e+00	9.687282e+06	1.000000e-10	3.874913e+06	1.284362e+00	0.000000e+00	3.000035e+02	1.845933e-05	2.433577e-02	3.232478e-02	1.125159e+00	1.820713e-22	1.718226e-01	
8.043927e-01	2.471926e-02	4.499521e+01	0.000000e+00	0.000000e+00	9.687300e+06	1.000000e-10	3.874920e+06	1.335997e+00	0.000000e+00	3.000039e+02	1.845935e-05	2.437358e-02	1.926405e-02	1.125224e+00	1.820711e-22	1.971630e-01	
8.172658e-01	-2.326236e-02	4.499518e+01	0.000000e+00	0.000000e+00	9.687289e+06	1.000000e-10	3.874916e+06	1.303646e+00	0.000000e+00	3.000037e+02	1.845934e-05	2.437367e-02	1.812170e-02	1.125612e+00	1.820708e-22	1.842089e-01	
7.909518e-01	2.621660e-02	4.499526e+01	0.000000e+00	0.000000e+00	9.687315e+06	1.000000e-10	3.874926e+06	1.379774e+00	0.000000e+00	3.000039e+02	1.845935e-05	2.440671e-02	2.650280e-02	1.125635e+00	1.820719e-22	2.106857e-01	
8.043927e-01	-2.471926e-02	4.499526e+01	0.000000e+00	0.000000e+00	9.687310e+06	1.000000e-10	3.874924e+06	1.364364e+00	0.000000e+00	3.000038e+02	1.845934e-05	2.441100e-02	2.910766e-02	1.126089e+00	1.820721e-22	1.971630e-01	
7.769449e-01	2.775117e-02	4.499523e+01	0.000000e+00	0.000000e+00	9.687313e+06	1.000000e-10	3.874925e+06	1.374355e+00	0.000000e+00	3.000041e+02	1.845936e-05	2.442874e-02	1.763466e-02	1.125817e+00	1.820711e-22	2.247747e-01	
7.909518e-01	-2.621660e-02	4.499523e+01	0.000000e+00	0.000000e+00	9.687309e+06	1.000000e-10	3.874924e+06	1.362249e+00	0.000000e+00	3.000040e+02	1.845935e-05	2.443952e-02	1.827660e-02	1.126391e+00	1.820713e-22	2.106857e-01	
7.623778e-01	2.931924e-02	4.499525e+01	0.000000e+00	0.000000e+00	9.687321e+06	1.000000e-10	3.874929e+06	1.398870e+00	0.000000e+00	3.000042e+02	1.845936e-05	2.444763e-02	2.224453e-02	1.125956e+00	1.820714e-22	2.394242e-01	
7.769449e-01	-2.775117e-02	4.499527e+01	0.000000e+00	0.000000e+00	9.687321e+06	1.000000e-10	3.874929e+06	1.398858e+00	0.000000e+00	3.000041e+02	1.845936e-05	2.446269e-02	2.459192e-02	1.126600e+00	1.820719e-22	2.247747e-01	
7.472594e-01	3.091649e-02	4.499520e+01	0.000000e+00	0.000000e+00	9.687315e+06	1.000000e-10	3.874926e+06	1.380721e+00	0.000000e+00	3.000043e+02	1.845937e-05	2.446041e-02	1.564686e-02	1.125981e+00	1.820704e-22	2.546245e-01	
7.623778e-01	-2.931924e-02	4.499523e+01	0.000000e+00	0.000000e+00	9.687316e+06	1.000000e-10	3.874927e+06	1.384692e+00	0.000000e+00	3.000042e+02	1.845936e-05	2.447967e-02	1.653342e-02	1.126693e+00	1.820709e-22	2.394242e-01	
7.316032e-01	3.253806e-02	4.499521e+01	0.000000e+00	0.000000e+00	9.687318e+06	1.000000e-10	3.874927e+06	1.388584e+00	0.000000e+00	3.000044e+02	1.845937e-05	2.447005e-02	1.756449e-02	1.125958e+00	1.820704e-22	2.703620e-01	
7.472594e-01	-3.091649e-02	4.499524e+01	0.000000e+00	0.000000e+00	9.687322e+06	1.000000e-10	3.874929e+06	1.401349e+00	0.000000e+00	3.000043e+02	1.845937e-05	2.449308e-02	2.040537e-02	1.126733e+00	1.820710e-22	2.546245e-01	
7.154262e-01	3.417852e-02	4.499517e+01	0.000000e+00	0.000000e+00	9.687312e+06	1.000000e-10	3.874925e+06	1.370990e+00	0.000000e+00	3.000045e+02	1.845938e-05	2.448229e-02	1.383346e-02	1.126018e+00	1.820696e-22	2.866190e-01	
7.316032e-01	-3.253806e-02	4.499519e+01	0.000000e+00	0.000000e+00	9.687316e+06	1.000000e-10	3.874926e+06	1.383533e+00	0.000000e+00	3.000044e+02	1.845937e-05	2.450381e-02	1.466353e-02	1.126735e+00	1.820701e-22	2.703620e-01	
6.987499e-01	3.583186e-02	4.499512e+01	0.000000e+00	0.000000e+00	9.687304e+06	1.000000e-10	3.874922e+06	1.348398e+00	0.000000e+00	3.000046e+02	1.845938e-05	2.448345e-02	1.193624e-02	1.125846e+00	1.820688e-22	3.033736e-01	
7.154262e-01	-3.417852e-02	4.499518e+01	0.000000e+00	0.000000e+00	9.687315e+06	1.000000e-10	3.874926e+06	1.379308e+00	0.000000e+00	3.000045e+02	1.845938e-05	2.450811e-02	1.511666e-02	1.126612e+00	1.820698e-22	2.866190e-01	
6.816001e-01	3.749149e-02	4.499505e+01	0.000000e+00	0.000000e+00	9.687290e+06	1.000000e-10	3.874916e+06	1.307783e+00	0.000000e+00	3.000046e+02	1.845938e-05	2.448879e-02	9.279643e-03	1.125792e+00	1.820676e-22	3.205996e-01	
6.987499e-01	-3.583186e-02	4.499512e+01	0.000000e+00	0.000000e+00	9.687305e+06	1.000000e-10	3.874922e+06	1.350789e+00	0.000000e+00	3.000046e+02	1.845938e-05	2.451585e-02	1.173375e-02	1.126591e+00	1.820688e-22	3.033736e-01	
6.640066e-01	3.915032e-02	4.499495e+01	0.000000e+00	0.000000e+00	9.687269e+06	1.000000e-10	3.874908e+06	1.245888e+00	0.000000e+00	3.000046e+02	1.845938e-05	2.448056e-02	6.166442e-03	1.125447e+00	1.820659e-22	3.382667e-01	
6.816001e-01	-3.749149e-02	4.499506e+01	0.000000e+00	0.000000e+00	9.687292e+06	1.000000e-10	3.874917e+06	1.312621e+00	0.000000e+00	3.000046e+02	1.845938e-05	2.451639e-02	9.189292e-03	1.126427e+00	1.820676e-22	3.205996e-01	
6.460033e-01	4.080073e-02	4.499486e+01	0.000000e+00	0.000000e+00	9.687250e+06	1.000000e-10	3.874900e+06	1.190179e+00	0.000000e+00	3.000046e+02	1.845938e-05	2.446441e-02	5.593302e-03	1.124938e+00	1.820645e-22	3.563402e-01	
6.640066e-01	-3.915032e-02	4.499496e+01	0.000000e+00	0.000000e+00	9.687272e+06	1.000000e-10	3.874909e+06	1.253166e+00	0.000000e+00	3.000046e+02	1.845938e-05	2.450855e-02	6.156930e-03	1.126090e+00	1.820660e-22	3.382667e-01	
6.276283e-01	4.243463e-02	4.499478e+01	0.000000e+00	0.000000e+00	9.687233e+06	1.000000e-10	3.874893e+06	1.140050e+00	0.000000e+00	3.000046e+02	1.845938e-05	2.445289e-02	4.119292e-03	1.124555e+00	1.820632e-22	3.747818e-01	
6.460033e-01	-4.080073e-02	4.499487e+01	0.000000e+00	0.000000e+00	9.687252e+06	1.000000e-10	3.874901e+06	1.196903e+00	0.000000e+00	3.000046e+02	1.845938e-05	2.449224e-02	5.633028e-03	1.125578e+00	1.820646e-22	3.563402e-01	
6.089231e-01	4.404353e-02	4.499470e+01	0.000000e+00	0.000000e+00	9.687215e+06	1.000000e-10	3.874886e+06	1.085724e+00	0.000000e+00	3.000046e+02	1.845938e-05	2.444159e-02	2.612789e-03	1.124196e+00	1.820619e-22	3.935492e-01	
6.276283e-01	-4.243463e-02	4.499479e+01	0.000000e+00	0.000000e+00	9.687236e+06	1.000000e-10	3.874894e+06	1.147144e+00	0.000000e+00	3.000046e+02	1.845938e-05	2.447928e-02	4.155737e-03	1.125162e+00	1.820633e-22	3.747818e-01	
5.899328e-01	4.561861e-02	4.499462e+01	0.000000e+00	0.000000e+00	9.687195e+06	1.000000e-10	3.874878e+06	1.028267e+00	0.000000e+00	3.000045e+02	1.845938e-05	2.442813e-02	1.147764e-03	1.123805e+00	1.820606e-22	4.125969e-01	
6.089231e-01	-4.404353e-02	4.499471e+01	0.000000e+00	0.000000e+00	9.687217e+06	1.000000e-10	3.874887e+06	1.093463e+00	0.000000e+00	3.000046e+02	1.845938e-05	2.446696e-02	2.656333e-03	1.124779e+00	1.820621e-22	3.935492e-01	
5.707054e-01	4.715081e-02	4.499453e+01	0.000000e+00	0.000000e+00	9.687175e+06	1.000000e-10	3.874870e+06	9.684123e-01	0.000000e+00	3.000045e+02	1.845937e-05	2.441433e-02	-4.489483e-04	1.123422e+00	1.820594e-22	4.318762e-01	
5.899328e-01	-4.561861e-02	4.499463e+01	0.000000e+00	0.000000e+00	9.687198e+06	1.000000e-10	3.874879e+06	1.036358e+00	0.000000e+00	3.000046e+02	1.845938e-05	2.445295e-02	1.175917e-03	1.124375e+00	1.820608e-22	4.125969e-01	
5.512916e-01	4.863091e-02	4.499444e+01	0.000000e+00	0.000000e+00	9.687153e+06	1.000000e-10	3.874861e+06	9.053762e-01	0.000000e+00	3.000044e+02	1.845937e-05	2.440239e-02	-1.122161e-03	1.123100e+00	1.820581e-22	4.513360e-01	
5.707054e-01	-4.715081e-02	4.499454e+01	0.000000e+00	0.000000e+00	9.687178e+06	1.000000e-10	3.874871e+06	9.771124e-01	0.000000e+00	3.000045e+02	1.845938e-05	2.443777e-02	-4.190941e-04	1.123961e+00	1.820595e-22	4.318762e-01	
5.317439e-01	5.004967e-02	4.499435e+01	0.000000e+00	0.000000e+00	9.687130e+06	1.000000e-10	3.874852e+06	8.373039e-01	0.000000e+00	3.000043e+02	1.845937e-05	2.439375e-02	-1.570678e-03	1.122870e+00	1.820567e-22	4.709232e-01	
5.512916e-01	-4.863091e-02	4.499446e+01	0.000000e+00	0.000000e+00	9.687156e+06	1.000000e-10	3.874863e+06	9.146776e-01	0.000000e+00	3.000044e+02	1.845937e-05	2.442505e-02	-1.078546e-03	1.123621e+00	1.820582e-22	4.513360e-01	
5.121166e-01	5.139795e-02	4.499426e+01	0.000000e+00	0.000000e+00	9.687106e+06	1.000000e-10	3.874842e+06	7.666759e-01	0.000000e+00	3.000042e+02	1.845936e-05	2.439317e-02	-2.208521e-03	1.122842e+00	1.820554e-22	4.905833e-01	
5.317439e-01	-5.004967e-02	4.499436e+01	0.000000e+00	0.000000e+00	9.687133e+06	1.000000e-10	3.874853e+06	8.472528e-01	0.000000e+00	3.000043e+02	1.845937e-05	2.441513e-02	-1.533841e-03	1.123362e+00	1.820569e-22	4.709232e-01	
4.924646e-01	5.266684e-02	4.499416e+01	0.000000e+00	0.000000e+00	9.687081e+06	1.000000e-10	3.874832e+06	6.924589e-01	0.000000e+00	3.000040e+02	1.845935e-05	2.437412e-02	-2.836517e-03	1.122405e+00	1.820540e-22	5.102607e-01	
5.121166e-01	-5.139795e-02	4.499427e+01	0.000000e+00	0.000000e+00	9.687110e+06	1.000000e-10	3.874844e+06	7.773740e-01	0.000000e+00	3.000042e+02	1.845936e-05	2.441322e-02	-2.175803e-03	1.123303e+00	1.820555e-22	4.905833e-01	
4.728433e-01	5.384781e-02	4.499406e+01	0.000000e+00	0.000000e+00	9.687054e+06	1.000000e-10	3.874822e+06	6.156840e-01	0.000000e+00	3.000039e+02	1.845935e-05	2.435092e-02	-3.363527e-03	1.121889e+00	1.820526e-22	5.298998e-01	
4.924646e-01	-5.266684e-02	4.499417e+01	0.000000e+00	0.000000e+00	9.687084e+06	1.000000e-10	3.874834e+06	7.039477e-01	0.000000e+00	3.000041e+02	1.845935e-05	2.439311e-02	-2.804930e-03	1.122842e+00	1.820541e-22	5.102607e-01	
4.533078e-01	5.493285e-02	4.499396e+01	0.000000e+00	0.000000e+00	9.687028e+06	1.000000e-10	3.874811e+06	5.368865e-01	0.000000e+00	3.000037e+02	1.845934e-05	2.433385e-02	-3.760404e-03	1.121531e+00	1.820512e-22	5.494452e-01	
4.728433e-01	-5.384781e-02	4.499408e+01	0.000000e+00	0.000000e+00	9.687059e+06	1.000000e-10	3.874823e+06	6.279993e-01	0.000000e+00	3.000039e+02	1.845935e-05	2.436848e-02	-3.337390e-03	1.122293e+00	1.820528e-22	5.298998e-01	
4.339121e-01	5.591460e-02	4.499386e+01	0.000000e+00	0.000000e+00	9.686999e+06	1.000000e-10	3.874800e+06	4.544721e-01	0.000000e+00	3.000035e+02	1.845933e-05	2.431755e-02	-3.919844e-03	1.121205e+00	1.820498e-22	5.688427e-01	
4.533078e-01	-5.493285e-02	4.499398e+01	0.000000e+00	0.000000e+00	9.687032e+06	1.000000e-10	3.874813e+06	5.500999e-01	0.000000e+00	3.000037e+02	1.845934e-05	2.435011e-02	-3.734261e-03	1.121904e+00	1.820514e-22	5.494452e-01	
4.147089e-01	5.678649e-02	4.499375e+01	0.000000e+00	0.000000e+00	9.686970e+06	1.000000e-10	3.874788e+06	3.679300e-01	0.000000e+00	3.000033e+02	1.845932e-05	2.429923e-02	-4.117307e-03	1.120851e+00	1.820484e-22	5.880394e-01	
4.339121e-01	-5.591460e-02	4.499388e+01	0.000000e+00	0.000000e+00	9.687004e+06	1.000000e-10	3.874802e+06	4.686230e-01	0.000000e+00	3.000036e+02	1.845933e-05	2.433221e-02	-3.895337e-03	1.121543e+00	1.820500e-22	5.688427e-01	
3.957488e-01	5.754285e-02	4.499364e+01	0.000000e+00	0.000000e+00	9.686939e+06	1.000000e-10	3.874776e+06	2.773712e-01	0.000000e+00	3.000031e+02	1.845931e-05	2.427765e-02	-4.334996e-03	1.120438e+00	1.820469e-22	6.069849e-01	
4.147089e-01	-5.678649e-02	4.499377e+01	0.000000e+00	0.000000e+00	9.686975e+06	1.000000e-10	3.874790e+06	3.830731e-01	0.000000e+00	3.000034e+02	1.845932e-05	2.431237e-02	-4.093979e-03	1.121153e+00	1.820486e-22	5.880395e-01	
3.770798e-01	5.817904e-02	4.499352e+01	0.000000e+00	0.000000e+00	9.686906e+06	1.000000e-10	3.874763e+06	1.809210e-01	0.000000e+00	3.000029e+02	1.845930e-05	2.425131e-02	-4.553812e-03	1.119933e+00	1.820453e-22	6.256312e-01	
3.957488e-01	-5.754285e-02	4.499366e+01	0.000000e+00	0.000000e+00	9.686945e+06	1.000000e-10	3.874778e+06	2.935376e-01	0.000000e+00	3.000032e+02	1.845931e-05	2.428907e-02	-4.312787e-03	1.120702e+00	1.820471e-22	6.069849e-01	
3.587470e-01	5.869148e-02	4.499340e+01	0.000000e+00	0.000000e+00	9.686871e+06	1.000000e-10	3.874748e+06	7.743435e-02	0.000000e+00	3.000026e+02	1.845929e-05	2.421798e-02	-4.891336e-03	1.119284e+00	1.820436e-22	6.439333e-01	
3.770798e-01	-5.817904e-02	4.499354e+01	0.000000e+00	0.000000e+00	9.686912e+06	1.000000e-10	3.874765e+06	1.981810e-01	0.000000e+00	3.000029e+02	1.845930e-05	2.426099e-02	-4.531684e-03	1.120157e+00	1.820455e-22	6.256312e-01	
3.407920e-01	5.907774e-02	4.499326e+01	0.000000e+00	0.000000e+00	9.686833e+06	1.000000e-10	3.874733e+06	-3.381880e-02	0.000000e+00	3.000024e+02	1.845927e-05	2.417595e-02	-5.450661e-03	1.118453e+00	1.820417e-22	6.618499e-01	
3.587470e-01	-5.869148e-02	4.499342e+01	0.000000e+00	0.000000e+00	9.686877e+06	1.000000e-10	3.874751e+06	9.583551e-02	0.000000e+00	3.000027e+02	1.845929e-05	2.422586e-02	-4.871030e-03	1.119467e+00	1.820438e-22	6.439333e-01	
3.232528e-01	5.933656e-02	4.499311e+01	0.000000e+00	0.000000e+00	9.686792e+06	1.000000e-10	3.874717e+06	-1.529453e-01	0.000000e+00	3.000021e+02	1.845926e-05	2.412321e-02	-6.321724e-03	1.117391e+00	1.820397e-22	6.793435e-01	
3.407920e-01	-5.907774e-02	4.499328e+01	0.000000e+00	0.000000e+00	9.686840e+06	1.000000e-10	3.874736e+06	-1.422122e-02	0.000000e+00	3.000024e+02	1.845928e-05	2.418186e-02	-5.432799e-03	1.118590e+00	1.820420e-22	6.618500e-01	
3.061635e-01	5.946785e-02	4.499295e+01	0.000000e+00	0.000000e+00	9.686749e+06	1.000000e-10	3.874700e+06	-2.794270e-01	0.000000e+00	3.000019e+02	1.845925e-05	2.405770e-02	-7.493380e-03	1.116052e+00	1.820374e-22	6.963803e-01	
3.232528e-01	-5.933656e-02	4.499313e+01	0.000000e+00	0.000000e+00	9.686800e+06	1.000000e-10	3.874720e+06	-1.320818e-01	0.000000e+00	3.000022e+02	1.845927e-05	2.412719e-02	-6.306665e-03	1.117484e+00	1.820400e-22	6.793435e-01	
2.895540e-01	5.947265e-02	4.499278e+01	0.000000e+00	0.000000e+00	9.686704e+06	1.000000e-10	3.874682e+06	-4.124794e-01	0.000000e+00	3.000016e+02	1.845924e-05	2.399379e-02	-8.752419e-03	1.114770e+00	1.820350e-22	7.129309e-01	
3.061635e-01	-5.946785e-02	4.499298e+01	0.000000e+00	0.000000e+00	9.686757e+06	1.000000e-10	3.874703e+06	-2.572278e-01	0.000000e+00	3.000019e+02	1.845925e-05	2.405959e-02	-7.481547e-03	1.116096e+00	1.820377e-22	6.963803e-01	
2.734501e-01	5.935312e-02	4.499261e+01	0.000000e+00	0.000000e+00	9.686658e+06	1.000000e-10	3.874663e+06	-5.472573e-01	0.000000e+00	3.000013e+02	1.845922e-05	2.394072e-02	-9.851735e-03	1.113760e+00	1.820326e-22	7.289702e-01	
2.895540e-01	-5.947265e-02	4.499281e+01	0.000000e+00	0.000000e+00	9.686712e+06	1.000000e-10	3.874685e+06	-3.888743e-01	0.000000e+00	3.000017e+02	1.845924e-05	2.399349e-02	-8.742612e-03	1.114764e+00	1.820354e-22	7.129309e-01	
2.578733e-01	5.911242e-02	4.499244e+01	0.000000e+00	0.000000e+00	9.686612e+06	1.000000e-10	3.874645e+06	-6.810683e-01	0.000000e+00	3.000010e+02	1.845921e-05	2.388591e-02	-1.044365e-02	1.112732e+00	1.820303e-22	7.444772e-01	
2.734501e-01	-5.935312e-02	4.499264e+01	0.000000e+00	0.000000e+00	9.686667e+06	1.000000e-10	3.874667e+06	-5.221605e-01	0.000000e+00	3.000014e+02	1.845923e-05	2.393801e-02	-9.843904e-03	1.113697e+00	1.820330e-22	7.289702e-01	
2.428411e-01	5.875465e-02	4.499228e+01	0.000000e+00	0.000000e+00	9.686568e+06	1.000000e-10	3.874627e+06	-8.111929e-01	0.000000e+00	3.000007e+02	1.845920e-05	2.383485e-02	-1.048417e-02	1.111815e+00	1.820282e-22	7.594352e-01	
2.578733e-01	-5.911242e-02	4.499247e+01	0.000000e+00	0.000000e+00	9.686622e+06	1.000000e-10	3.874649e+06	-6.544114e-01	0.000000e+00	3.000011e+02	1.845921e-05	2.388085e-02	-1.043694e-02	1.112615e+00	1.820307e-22	7.444772e-01	
2.283666e-01	5.828472e-02	4.499214e+01	0.000000e+00	0.000000e+00	9.686526e+06	1.000000e-10	3.874610e+06	-9.343762e-01	0.000000e+00	3.000004e+02	1.845918e-05	2.378906e-02	-1.004257e-02	1.111046e+00	1.820263e-22	7.738315e-01	
2.428411e-01	-5.875465e-02	4.499231e+01	0.000000e+00	0.000000e+00	9.686578e+06	1.000000e-10	3.874631e+06	-7.829056e-01	0.000000e+00	3.000008e+02	1.845920e-05	2.382734e-02	-1.047892e-02	1.111640e+00	1.820286e-22	7.594352e-01	
2.144593e-01	5.770827e-02	4.499201e+01	0.000000e+00	0.000000e+00	9.686487e+06	1.000000e-10	3.874595e+06	-1.047981e+00	0.000000e+00	3.000000e+02	1.845916e-05	2.374918e-02	-9.252014e-03	1.110442e+00	1.820247e-22	7.876576e-01	
2.283666e-01	-5.828472e-02	4.499217e+01	0.000000e+00	0.000000e+00	9.686536e+06	1.000000e-10	3.874615e+06	-9.043942e-01	0.000000e+00	3.000005e+02	1.845918e-05	2.377921e-02	-1.004049e-02	1.110817e+00	1.820267e-22	7.738315e-01	
2.011248e-01	5.703151e-02	4.499189e+01	0.000000e+00	0.000000e+00	9.686453e+06	1.000000e-10	3.874581e+06	-1.150206e+00	0.000000e+00	2.999997e+02	1.845915e-05	2.371318e-02	-8.191777e-03	1.109958e+00	1.820233e-22	8.009083e-01	
2.144593e-01	-5.770827e-02	4.499204e+01	0.000000e+00	0.000000e+00	9.686498e+06	1.000000e-10	3.874599e+06	-1.016239e+00	0.000000e+00	3.000001e+02	1.845917e-05	2.373683e-02	-9.253421e-03	1.110153e+00	1.820251e-22	7.876576e-01	
1.883653e-01	5.626108e-02	4.499179e+01	0.000000e+00	0.000000e+00	9.686422e+06	1.000000e-10	3.874569e+06	-1.240299e+00	0.000000e+00	2.999994e+02	1.845913e-05	2.367880e-02	-7.014622e-03	1.109544e+00	1.820221e-22	8.135823e-01	
2.011248e-01	-5.703151e-02	4.499193e+01	0.000000e+00	0.000000e+00	9.686464e+06	1.000000e-10	3.874586e+06	-1.116657e+00	0.000000e+00	2.999998e+02	1.845915e-05	2.369815e-02	-8.196612e-03	1.109607e+00	1.820238e-22	8.009084e-01	
1.761797e-01	5.540400e-02	4.499171e+01	0.000000e+00	0.000000e+00	9.686395e+06	1.000000e-10	3.874558e+06	-1.317841e+00	0.000000e+00	2.999991e+02	1.845912e-05	2.364209e-02	-5.906386e-03	1.109108e+00	1.820212e-22	8.256812e-01	
1.883653e-01	-5.626108e-02	4.499183e+01	0.000000e+00	0.000000e+00	9.686434e+06	1.000000e-10	3.874574e+06	-1.204872e+00	0.000000e+00	2.999995e+02	1.845914e-05	2.366102e-02	-7.024103e-03	1.109128e+00	1.820226e-22	8.135823e-01	
1.645640e-01	5.446745e-02	4.499165e+01	0.000000e+00	0.000000e+00	9.686373e+06	1.000000e-10	3.874549e+06	-1.384056e+00	0.000000e+00	2.999989e+02	1.845911e-05	2.360167e-02	-4.906494e-03	1.108622e+00	1.820205e-22	8.372096e-01	
1.761797e-01	-5.540400e-02	4.499176e+01	0.000000e+00	0.000000e+00	9.686408e+06	1.000000e-10	3.874563e+06	-1.280527e+00	0.000000e+00	2.999992e+02	1.845913e-05	2.362136e-02	-5.919539e-03	1.108623e+00	1.820217e-22	8.256812e-01	
1.535115e-01	5.345876e-02	4.499159e+01	0.000000e+00	0.000000e+00	9.686354e+06	1.000000e-10	3.874542e+06	-1.440145e+00	0.000000e+00	2.999986e+02	1.845910e-05	2.355735e-02	-4.031445e-03	1.108081e+00	1.820200e-22	8.481749e-01	
1.645640e-01	-5.446745e-02	4.499169e+01	0.000000e+00	0.000000e+00	9.686386e+06	1.000000e-10	3.874555e+06	-1.344823e+00	0.000000e+00	2.999990e+02	1.845911e-05	2.357818e-02	-4.921335e-03	1.108070e+00	1.820211e-22	8.372096e-01	
1.430130e-01	5.238521e-02	4.499155e+01	0.000000e+00	0.000000e+00	9.686338e+06	1.000000e-10	3.874535e+06	-1.487508e+00	0.000000e+00	2.999984e+02	1.845909e-05	2.350690e-02	-3.315724e-03	1.107437e+00	1.820195e-22	8.585866e-01	
1.535115e-01	-5.345876e-02	4.499164e+01	0.000000e+00	0.000000e+00	9.686368e+06	1.000000e-10	3.874547e+06	-1.398944e+00	0.000000e+00	2.999988e+02	1.845910e-05	2.353069e-02	-4.048996e-03	1.107455e+00	1.820205e-22	8.481749e-01	
1.330575e-01	5.125403e-02	4.499151e+01	0.000000e+00	0.000000e+00	9.686324e+06	1.000000e-10	3.874530e+06	-1.527491e+00	0.000000e+00	2.999983e+02	1.845908e-05	2.344960e-02	-2.747344e-03	1.106674e+00	1.820192e-22	8.684563e-01	
1.430130e-01	-5.238521e-02	4.499160e+01	0.000000e+00	0.000000e+00	9.686352e+06	1.000000e-10	3.874541e+06	-1.444306e+00	0.000000e+00	2.999986e+02	1.845909e-05	2.347723e-02	-3.332139e-03	1.106738e+00	1.820201e-22	8.585866e-01	
1.236320e-01	5.007223e-02	4.499148e+01	0.000000e+00	0.000000e+00	9.686312e+06	1.000000e-10	3.874525e+06	-1.561627e+00	0.000000e+00	2.999981e+02	1.845907e-05	2.338498e-02	-2.282503e-03	1.105782e+00	1.820189e-22	8.777973e-01	
1.330575e-01	-5.125403e-02	4.499156e+01	0.000000e+00	0.000000e+00	9.686339e+06	1.000000e-10	3.874536e+06	-1.482243e+00	0.000000e+00	2.999984e+02	1.845909e-05	2.341672e-02	-2.765030e-03	1.105898e+00	1.820198e-22	8.684563e-01	
1.147221e-01	4.884662e-02	4.499146e+01	0.000000e+00	0.000000e+00	9.686303e+06	1.000000e-10	3.874521e+06	-1.590199e+00	0.000000e+00	2.999980e+02	1.845907e-05	2.331229e-02	-1.955581e-03	1.104750e+00	1.820187e-22	8.866245e-01	
1.236320e-01	-5.007223e-02	4.499154e+01	0.000000e+00	0.000000e+00	9.686329e+06	1.000000e-10	3.874531e+06	-1.514269e+00	0.000000e+00	2.999982e+02	1.845908e-05	2.334877e-02	-2.302295e-03	1.104927e+00	1.820196e-22	8.777973e-01	
1.063121e-01	4.758371e-02	4.499144e+01	0.000000e+00	0.000000e+00	9.686295e+06	1.000000e-10	3.874518e+06	-1.613806e+00	0.000000e+00	2.999978e+02	1.845906e-05	2.323073e-02	-1.697323e-03	1.103556e+00	1.820186e-22	8.949538e-01	
1.147221e-01	-4.884662e-02	4.499151e+01	0.000000e+00	0.000000e+00	9.686320e+06	1.000000e-10	3.874528e+06	-1.540724e+00	0.000000e+00	2.999981e+02	1.845907e-05	2.327282e-02	-1.973917e-03	1.103814e+00	1.820194e-22	8.866245e-01	
9.838552e-02	4.628967e-02	4.499142e+01	0.000000e+00	0.000000e+00	9.686288e+06	1.000000e-10	3.874515e+06	-1.633167e+00	0.000000e+00	2.999977e+02	1.845906e-05	2.313941e-02	-1.502528e-03	1.102184e+00	1.820185e-22	9.028020e-01	
1.063121e-01	-4.758371e-02	4.499150e+01	0.000000e+00	0.000000e+00	9.686312e+06	1.000000e-10	3.874525e+06	-1.562149e+00	0.000000e+00	2.999980e+02	1.845907e-05	2.318784e-02	-1.715642e-03	1.102536e+00	1.820193e-22	8.949538e-01	
9.092487e-02	4.497031e-02	4.499141e+01	0.000000e+00	0.000000e+00	9.686283e+06	1.000000e-10	3.874513e+06	-1.648566e+00	0.000000e+00	2.999977e+02	1.845905e-05	2.303809e-02	-1.363920e-03	1.100629e+00	1.820184e-22	9.101867e-01	
9.838552e-02	-4.628967e-02	4.499148e+01	0.000000e+00	0.000000e+00	9.686306e+06	1.000000e-10	3.874523e+06	-1.579301e+00	0.000000e+00	2.999979e+02	1.845906e-05	2.309312e-02	-1.521766e-03	1.101081e+00	1.820192e-22	9.028020e-01	
8.391231e-02	4.363107e-02	4.499140e+01	0.000000e+00	0.000000e+00	9.686279e+06	1.000000e-10	3.874512e+06	-1.660085e+00	0.000000e+00	2.999976e+02	1.845905e-05	2.292656e-02	-1.274055e-03	1.098891e+00	1.820184e-22	9.171261e-01	
9.092487e-02	-4.497031e-02	4.499147e+01	0.000000e+00	0.000000e+00	9.686302e+06	1.000000e-10	3.874521e+06	-1.592413e+00	0.000000e+00	2.999978e+02	1.845906e-05	2.298849e-02	-1.388763e-03	1.099445e+00	1.820191e-22	9.101867e-01	
7.732958e-02	4.227696e-02	4.499140e+01	0.000000e+00	0.000000e+00	9.686276e+06	1.000000e-10	3.874510e+06	-1.667954e+00	0.000000e+00	2.999975e+02	1.845905e-05	2.280354e-02	-1.226489e-03	1.096938e+00	1.820183e-22	9.236385e-01	
8.391231e-02	-4.363107e-02	4.499147e+01	0.000000e+00	0.000000e+00	9.686299e+06	1.000000e-10	3.874520e+06	-1.601659e+00	0.000000e+00	2.999978e+02	1.845906e-05	2.287344e-02	-1.327569e-03	1.097617e+00	1.820191e-22	9.171261e-01	
7.115831e-02	4.091264e-02	4.499140e+01	0.000000e+00	0.000000e+00	9.686275e+06	1.000000e-10	3.874510e+06	-1.672074e+00	0.000000e+00	2.999975e+02	1.845904e-05	2.266708e-02	-1.156044e-03	1.094727e+00	1.820183e-22	9.297423e-01	
7.732958e-02	-4.227696e-02	4.499146e+01	0.000000e+00	0.000000e+00	9.686297e+06	1.000000e-10	3.874519e+06	-1.607400e+00	0.000000e+00	2.999977e+02	1.845906e-05	2.274625e-02	-1.240711e-03	1.095560e+00	1.820191e-22	9.236385e-01	
6.538010e-02	3.954236e-02	4.499140e+01	0.000000e+00	0.000000e+00	9.686275e+06	1.000000e-10	3.874510e+06	-1.671986e+00	0.000000e+00	2.999975e+02	1.845904e-05	2.251756e-02	-1.101469e-03	1.092269e+00	1.820184e-22	9.354560e-01	
7.115831e-02	-4.091264e-02	4.499147e+01	0.000000e+00	0.000000e+00	9.686296e+06	1.000000e-10	3.874518e+06	-1.609098e+00	0.000000e+00	2.999977e+02	1.845905e-05	2.260529e-02	-1.167402e-03	1.093235e+00	1.820192e-22	9.297423e-01	
5.997667e-02	3.816999e-02	4.499140e+01	0.000000e+00	0.000000e+00	9.686276e+06	1.000000e-10	3.874511e+06	-1.667388e+00	0.000000e+00	2.999975e+02	1.845904e-05	2.235918e-02	-1.033439e-03	1.089666e+00	1.820185e-22	9.407980e-01	
6.538010e-02	-3.954236e-02	4.499147e+01	0.000000e+00	0.000000e+00	9.686297e+06	1.000000e-10	3.874519e+06	-1.606502e+00	0.000000e+00	2.999977e+02	1.845905e-05	2.245227e-02	-1.111949e-03	1.090684e+00	1.820193e-22	9.354560e-01	
5.493001e-02	3.679904e-02	4.499142e+01	0.000000e+00	0.000000e+00	9.686279e+06	1.000000e-10	3.874512e+06	-1.658283e+00	0.000000e+00	2.999975e+02	1.845905e-05	2.219274e-02	-1.008168e-03	1.086941e+00	1.820186e-22	9.457862e-01	
5.997667e-02	-3.816999e-02	4.499148e+01	0.000000e+00	0.000000e+00	9.686300e+06	1.000000e-10	3.874520e+06	-1.599399e+00	0.000000e+00	2.999977e+02	1.845905e-05	2.229136e-02	-1.044411e-03	1.088012e+00	1.820194e-22	9.407980e-01	
5.022241e-02	3.543267e-02	4.499143e+01	0.000000e+00	0.000000e+00	9.686284e+06	1.000000e-10	3.874514e+06	-1.643915e+00	0.000000e+00	2.999976e+02	1.845905e-05	2.201340e-02	-9.684454e-04	1.083979e+00	1.820188e-22	9.504383e-01	
5.493001e-02	-3.679904e-02	4.499149e+01	0.000000e+00	0.000000e+00	9.686304e+06	1.000000e-10	3.874521e+06	-1.587688e+00	0.000000e+00	2.999978e+02	1.845906e-05	2.212175e-02	-1.014743e-03	1.085202e+00	1.820196e-22	9.457862e-01	
4.583663e-02	3.407371e-02	4.499145e+01	0.000000e+00	0.000000e+00	9.686291e+06	1.000000e-10	3.874516e+06	-1.624179e+00	0.000000e+00	2.999976e+02	1.845905e-05	2.181671e-02	-9.247034e-04	1.080670e+00	1.820191e-22	9.547716e-01	
5.022241e-02	-3.543267e-02	4.499151e+01	0.000000e+00	0.000000e+00	9.686309e+06	1.000000e-10	3.874524e+06	-1.570676e+00	0.000000e+00	2.999978e+02	1.845906e-05	2.193767e-02	-9.686777e-04	1.082112e+00	1.820198e-22	9.504383e-01	
4.175588e-02	3.272472e-02	4.499148e+01	0.000000e+00	0.000000e+00	9.686300e+06	1.000000e-10	3.874520e+06	-1.598800e+00	0.000000e+00	2.999977e+02	1.845906e-05	2.160018e-02	-9.186040e-04	1.076951e+00	1.820194e-22	9.588027e-01	
4.583663e-02	-3.407371e-02	4.499154e+01	0.000000e+00	0.000000e+00	9.686317e+06	1.000000e-10	3.874527e+06	-1.548308e+00	0.000000e+00	2.999979e+02	1.845906e-05	2.173532e-02	-9.391506e-04	1.078652e+00	1.820201e-22	9.547716e-01	
3.796391e-02	3.138797e-02	4.499151e+01	0.000000e+00	0.000000e+00	9.686311e+06	1.000000e-10	3.874524e+06	-1.567072e+00	0.000000e+00	2.999979e+02	1.845906e-05	2.136459e-02	-9.012045e-04	1.072840e+00	1.820197e-22	9.625480e-01	
4.175588e-02	-3.272472e-02	4.499156e+01	0.000000e+00	0.000000e+00	9.686326e+06	1.000000e-10	3.874531e+06	-1.520299e+00	0.000000e+00	2.999980e+02	1.845907e-05	2.151324e-02	-9.246804e-04	1.074781e+00	1.820204e-22	9.588027e-01	
3.444509e-02	3.006547e-02	4.499155e+01	0.000000e+00	0.000000e+00	9.686323e+06	1.000000e-10	3.874529e+06	-1.529100e+00	0.000000e+00	2.999980e+02	1.845907e-05	2.111573e-02	-8.911144e-04	1.068480e+00	1.820201e-22	9.660229e-01	
3.796391e-02	-3.138797e-02	4.499160e+01	0.000000e+00	0.000000e+00	9.686338e+06	1.000000e-10	3.874535e+06	-1.485800e+00	0.000000e+00	2.999981e+02	1.845907e-05	2.127299e-02	-9.083133e-04	1.070538e+00	1.820208e-22	9.625480e-01	
3.118434e-02	2.875905e-02	4.499159e+01	0.000000e+00	0.000000e+00	9.686339e+06	1.000000e-10	3.874536e+06	-1.483751e+00	0.000000e+00	2.999982e+02	1.845908e-05	2.085203e-02	-8.830105e-04	1.063830e+00	1.820206e-22	9.692424e-01	
3.444509e-02	-3.006547e-02	4.499164e+01	0.000000e+00	0.000000e+00	9.686352e+06	1.000000e-10	3.874541e+06	-1.445026e+00	0.000000e+00	2.999983e+02	1.845908e-05	2.102008e-02	-8.977963e-04	1.066057e+00	1.820213e-22	9.660229e-01	
2.816724e-02	2.747033e-02	4.499165e+01	0.000000e+00	0.000000e+00	9.686357e+06	1.000000e-10	3.874543e+06	-1.431020e+00	0.000000e+00	2.999984e+02	1.845909e-05	2.057679e-02	-8.676007e-04	1.058973e+00	1.820212e-22	9.722209e-01	
3.118434e-02	-2.875905e-02	4.499169e+01	0.000000e+00	0.000000e+00	9.686369e+06	1.000000e-10	3.874547e+06	-1.396872e+00	0.000000e+00	2.999985e+02	1.845909e-05	2.075230e-02	-8.889046e-04	1.061284e+00	1.820218e-22	9.692424e-01	
2.538000e-02	2.620076e-02	4.499171e+01	0.000000e+00	0.000000e+00	9.686378e+06	1.000000e-10	3.874551e+06	-1.370567e+00	0.000000e+00	2.999986e+02	1.845910e-05	2.029227e-02	-8.401435e-04	1.053970e+00	1.820218e-22	9.749721e-01	
2.816724e-02	-2.747033e-02	4.499174e+01	0.000000e+00	0.000000e+00	9.686387e+06	1.000000e-10	3.874555e+06	-1.341336e+00	0.000000e+00	2.999987e+02	1.845910e-05	2.047270e-02	-8.728096e-04	1.056292e+00	1.820224e-22	9.722209e-01	
2.280944e-02	2.495170e-02	4.499177e+01	0.000000e+00	0.000000e+00	9.686401e+06	1.000000e-10	3.874561e+06	-1.300906e+00	0.000000e+00	2.999989e+02	1.845911e-05	1.999369e-02	-8.023541e-04	1.048695e+00	1.820225e-22	9.775091e-01	
2.538000e-02	-2.620076e-02	4.499181e+01	0.000000e+00	0.000000e+00	9.686409e+06	1.000000e-10	3.874564e+06	-1.278100e+00	0.000000e+00	2.999989e+02	1.845911e-05	2.018358e-02	-8.453149e-04	1.051144e+00	1.820230e-22	9.749721e-01	
2.044304e-02	2.372436e-02	4.499185e+01	0.000000e+00	0.000000e+00	9.686428e+06	1.000000e-10	3.874571e+06	-1.222160e+00	0.000000e+00	2.999992e+02	1.845913e-05	1.968962e-02	-7.581822e-04	1.043373e+00	1.820233e-22	9.798442e-01	
2.280944e-02	-2.495170e-02	4.499188e+01	0.000000e+00	0.000000e+00	9.686434e+06	1.000000e-10	3.874573e+06	-1.205686e+00	0.000000e+00	2.999992e+02	1.845913e-05	1.988029e-02	-8.084775e-04	1.045717e+00	1.820237e-22	9.775091e-01	
1.826886e-02	2.251990e-02	4.499193e+01	0.000000e+00	0.000000e+00	9.686458e+06	1.000000e-10	3.874583e+06	-1.133380e+00	0.000000e+00	2.999996e+02	1.845914e-05	1.938546e-02	-7.346822e-04	1.038153e+00	1.820241e-22	9.819894e-01	
2.044304e-02	-2.372436e-02	4.499196e+01	0.000000e+00	0.000000e+00	9.686461e+06	1.000000e-10	3.874585e+06	-1.124248e+00	0.000000e+00	2.999996e+02	1.845914e-05	1.957156e-02	-7.664529e-04	1.040240e+00	1.820245e-22	9.798442e-01	
1.627552e-02	2.133943e-02	4.499203e+01	0.000000e+00	0.000000e+00	9.686493e+06	1.000000e-10	3.874597e+06	-1.032595e+00	0.000000e+00	3.000000e+02	1.845916e-05	1.908553e-02	-7.293109e-04	1.033161e+00	1.820251e-22	9.839559e-01	
1.826886e-02	-2.251990e-02	4.499204e+01	0.000000e+00	0.000000e+00	9.686493e+06	1.000000e-10	3.874597e+06	-1.032853e+00	0.000000e+00	2.999999e+02	1.845916e-05	1.926295e-02	-7.464528e-04	1.034867e+00	1.820254e-22	9.819894e-01	
1.445220e-02	2.018403e-02	4.499214e+01	0.000000e+00	0.000000e+00	9.686532e+06	1.000000e-10	3.874613e+06	-9.165772e-01	0.000000e+00	3.000005e+02	1.845919e-05	1.877557e-02	-7.237396e-04	1.028021e+00	1.820262e-22	9.857545e-01	
1.627552e-02	-2.133943e-02	4.499214e+01	0.000000e+00	0.000000e+00	9.686528e+06	1.000000e-10	3.874611e+06	-9.295706e-01	0.000000e+00	3.000004e+02	1.845918e-05	1.895878e-02	-7.413487e-04	1.029726e+00	1.820264e-22	9.839559e-01	
1.278872e-02	1.905473e-02	4.499227e+01	0.000000e+00	0.000000e+00	9.686577e+06	1.000000e-10	3.874631e+06	-7.866800e-01	0.000000e+00	3.000011e+02	1.845921e-05	1.851028e-02	-7.066080e-04	1.024244e+00	1.820275e-22	9.873952e-01	
1.445220e-02	-2.018403e-02	4.499226e+01	0.000000e+00	0.000000e+00	9.686568e+06	1.000000e-10	3.874627e+06	-8.112526e-01	0.000000e+00	3.000009e+02	1.845920e-05	1.864498e-02	-7.353886e-04	1.024440e+00	1.820275e-22	9.857545e-01	
1.127516e-02	1.795263e-02	4.499242e+01	0.000000e+00	0.000000e+00	9.686628e+06	1.000000e-10	3.874651e+06	-6.354912e-01	0.000000e+00	3.000016e+02	1.845924e-05	1.822399e-02	-6.994257e-04	1.020057e+00	1.820291e-22	9.888878e-01	
1.278872e-02	-1.905473e-02	4.499238e+01	0.000000e+00	0.000000e+00	9.686613e+06	1.000000e-10	3.874645e+06	-6.792641e-01	0.000000e+00	3.000014e+02	1.845923e-05	1.837547e-02	-7.169567e-04	1.020509e+00	1.820289e-22	9.873952e-01	
9.902279e-03	1.687881e-02	4.499259e+01	0.000000e+00	0.000000e+00	9.686687e+06	1.000000e-10	3.874675e+06	-4.638975e-01	0.000000e+00	3.000023e+02	1.845927e-05	1.797957e-02	-7.690395e-04	1.017216e+00	1.820310e-22	9.902416e-01	
1.127516e-02	-1.795263e-02	4.499254e+01	0.000000e+00	0.000000e+00	9.686665e+06	1.000000e-10	3.874666e+06	-5.263516e-01	0.000000e+00	3.000020e+02	1.845926e-05	1.808505e-02	-7.163684e-04	1.016162e+00	1.820305e-22	9.888878e-01	
8.660978e-03	1.583433e-02	4.499279e+01	0.000000e+00	0.000000e+00	9.686753e+06	1.000000e-10	3.874701e+06	-2.697125e-01	0.000000e+00	3.000030e+02	1.845930e-05	1.776406e-02	-8.645799e-04	1.015417e+00	1.820333e-22	9.914655e-01	
9.902279e-03	-1.687881e-02	4.499271e+01	0.000000e+00	0.000000e+00	9.686724e+06	1.000000e-10	3.874690e+06	-3.534177e-01	0.000000e+00	3.000026e+02	1.845929e-05	1.783660e-02	-7.869551e-04	1.013164e+00	1.820325e-22	9.902416e-01	
7.542787e-03	1.482043e-02	4.499302e+01	0.000000e+00	0.000000e+00	9.686826e+06	1.000000e-10	3.874730e+06	-5.602123e-02	0.000000e+00	3.000037e+02	1.845934e-05	1.761300e-02	-8.784904e-04	1.015724e+00	1.820359e-22	9.925679e-01	
8.660978e-03	-1.583433e-02	4.499292e+01	0.000000e+00	0.000000e+00	9.686791e+06	1.000000e-10	3.874716e+06	-1.583703e-01	0.000000e+00	3.000033e+02	1.845932e-05	1.761768e-02	-8.800848e-04	1.011225e+00	1.820348e-22	9.914655e-01	
6.539262e-03	1.383810e-02	4.499329e+01	0.000000e+00	0.000000e+00	9.686907e+06	1.000000e-10	3.874763e+06	1.830158e-01	0.000000e+00	3.000045e+02	1.845938e-05	1.752120e-02	-9.862051e-04	1.018050e+00	1.820392e-22	9.935571e-01	
7.542787e-03	-1.482043e-02	4.499314e+01	0.000000e+00	0.000000e+00	9.686864e+06	1.000000e-10	3.874745e+06	5.559550e-02	0.000000e+00	3.000041e+02	1.845936e-05	1.746245e-02	-8.861481e-04	1.011374e+00	1.820374e-22	9.925679e-01	
5.642485e-03	1.288858e-02	4.499359e+01	0.000000e+00	0.000000e+00	9.686999e+06	1.000000e-10	3.874800e+06	4.531620e-01	0.000000e+00	3.000053e+02	1.845941e-05	1.747894e-02	-1.093068e-03	1.022187e+00	1.820430e-22	9.944410e-01	
6.539262e-03	-1.383810e-02	4.499341e+01	0.000000e+00	0.000000e+00	9.686945e+06	1.000000e-10	3.874778e+06	2.939818e-01	0.000000e+00	3.000048e+02	1.845939e-05	1.736576e-02	-1.006721e-03	1.013525e+00	1.820406e-22	9.935571e-01	
4.844550e-03	1.197282e-02	4.499394e+01	0.000000e+00	0.000000e+00	9.687100e+06	1.000000e-10	3.874840e+06	7.503142e-01	0.000000e+00	3.000061e+02	1.845945e-05	1.745305e-02	-1.201445e-03	1.027207e+00	1.820476e-22	9.952275e-01	
5.642485e-03	-1.288858e-02	4.499371e+01	0.000000e+00	0.000000e+00	9.687036e+06	1.000000e-10	3.874815e+06	5.625196e-01	0.000000e+00	3.000056e+02	1.845943e-05	1.731823e-02	-1.112244e-03	1.017477e+00	1.820445e-22	9.944410e-01	
4.137967e-03	1.109193e-02	4.499437e+01	0.000000e+00	0.000000e+00	9.687215e+06	1.000000e-10	3.874886e+06	1.087110e+00	0.000000e+00	3.000068e+02	1.845948e-05	1.745831e-02	-1.350684e-03	1.033587e+00	1.820535e-22	9.959238e-01	
4.844550e-03	-1.197282e-02	4.499406e+01	0.000000e+00	0.000000e+00	9.687136e+06	1.000000e-10	3.874855e+06	8.562510e-01	0.000000e+00	3.000064e+02	1.845947e-05	1.728640e-02	-1.209444e-03	1.022292e+00	1.820490e-22	9.952275e-01	
3.515320e-03	1.024671e-02	4.499488e+01	0.000000e+00	0.000000e+00	9.687346e+06	1.000000e-10	3.874938e+06	1.470501e+00	0.000000e+00	3.000074e+02	1.845951e-05	1.738405e-02	-1.396560e-03	1.038093e+00	1.820609e-22	9.965374e-01	
4.137967e-03	-1.109193e-02	4.499449e+01	0.000000e+00	0.000000e+00	9.687251e+06	1.000000e-10	3.874900e+06	1.191309e+00	0.000000e+00	3.000071e+02	1.845950e-05	1.729018e-02	-1.385965e-03	1.028599e+00	1.820549e-22	9.959238e-01	
2.969442e-03	9.437891e-03	4.499544e+01	0.000000e+00	0.000000e+00	9.687480e+06	1.000000e-10	3.874992e+06	1.865265e+00	0.000000e+00	3.000079e+02	1.845953e-05	1.680979e-02	-1.465898e-03	1.027909e+00	1.820693e-22	9.970752e-01	
3.515320e-03	-1.024671e-02	4.499499e+01	0.000000e+00	0.000000e+00	9.687378e+06	1.000000e-10	3.874951e+06	1.565389e+00	0.000000e+00	3.000077e+02	1.845953e-05	1.718285e-02	-1.402110e-03	1.032069e+00	1.820622e-22	9.965374e-01	
2.493434e-03	8.666020e-03	4.499593e+01	0.000000e+00	0.000000e+00	9.687587e+06	1.000000e-10	3.875035e+06	2.178480e+00	0.000000e+00	3.000079e+02	1.845954e-05	1.569114e-02	-9.804291e-04	1.000518e+00	1.820770e-22	9.975442e-01	
2.969442e-03	-9.437891e-03	4.499555e+01	0.000000e+00	0.000000e+00	9.687512e+06	1.000000e-10	3.875005e+06	1.959749e+00	0.000000e+00	3.000081e+02	1.845955e-05	1.657284e-02	-1.492003e-03	1.020639e+00	1.820708e-22	9.970752e-01	
2.080623e-03	7.931397e-03	4.499596e+01	0.000000e+00	0.000000e+00	9.687585e+06	1.000000e-10	3.875034e+06	2.171555e+00	0.000000e+00	3.000076e+02	1.845952e-05	1.397210e-02	-1.420531e-04	9.516463e-01	1.820780e-22	9.979509e-01	
2.493434e-03	-8.666020e-03	4.499601e+01	0.000000e+00	0.000000e+00	9.687613e+06	1.000000e-10	3.875045e+06	2.254175e+00	0.000000e+00	3.000082e+02	1.845955e-05	1.540451e-02	-9.872278e-04	9.913376e-01	1.820782e-22	9.975442e-01	
1.724623e-03	7.234077e-03	4.499549e+01	0.000000e+00	0.000000e+00	9.687467e+06	1.000000e-10	3.874987e+06	1.827209e+00	0.000000e+00	3.000072e+02	1.845950e-05	1.181476e-02	3.279926e-04	8.825532e-01	1.820711e-22	9.983016e-01	
2.080623e-03	-7.931397e-03	4.499599e+01	0.000000e+00	0.000000e+00	9.687598e+06	1.000000e-10	3.875039e+06	2.209338e+00	0.000000e+00	3.000078e+02	1.845953e-05	1.361533e-02	-1.174478e-04	9.394177e-01	1.820783e-22	9.979509e-01	
1.419378e-03	6.573860e-03	4.499483e+01	0.000000e+00	0.000000e+00	9.687311e+06	1.000000e-10	3.874925e+06	1.369698e+00	0.000000e+00	3.000067e+02	1.845948e-05	9.489747e-03	5.606684e-04	7.981624e-01	1.820610e-22	9.986023e-01	
1.724623e-03	-7.234077e-03	4.499549e+01	0.000000e+00	0.000000e+00	9.687472e+06	1.000000e-10	3.874989e+06	1.841544e+00	0.000000e+00	3.000073e+02	1.845951e-05	1.141727e-02	3.611175e-04	8.675796e-01	1.820708e-22	9.983016e-01	
1.159193e-03	5.950300e-03	4.499423e+01	0.000000e+00	0.000000e+00	9.687178e+06	1.000000e-10	3.874871e+06	9.773128e-01	0.000000e+00	3.000066e+02	1.845947e-05	7.036492e-03	2.493937e-04	6.939766e-01	1.820515e-22	9.988585e-01	
1.419378e-03	-6.573860e-03	4.499481e+01	0.000000e+00	0.000000e+00	9.687312e+06	1.000000e-10	3.874925e+06	1.370645e+00	0.000000e+00	3.000069e+02	1.845949e-05	9.026924e-03	6.465469e-04	7.784550e-01	1.820604e-22	9.986023e-01	
9.387642e-04	5.362709e-03	4.499396e+01	0.000000e+00	0.000000e+00	9.687125e+06	1.000000e-10	3.874850e+06	8.241936e-01	0.000000e+00	3.000067e+02	1.845948e-05	4.822811e-03	-1.847216e-04	5.805022e-01	1.820470e-22	9.990756e-01	
1.159193e-03	-5.950300e-03	4.499424e+01	0.000000e+00	0.000000e+00	9.687187e+06	1.000000e-10	3.874875e+06	1.004063e+00	0.000000e+00	3.000068e+02	1.845948e-05	6.573330e-03	1.642126e-04	6.707478e-01	1.820514e-22	9.988585e-01	
7.531893e-04	4.810177e-03	4.499390e+01	0.000000e+00	0.000000e+00	9.687121e+06	1.000000e-10	3.874848e+06	8.106889e-01	0.000000e+00	3.000070e+02	1.845949e-05	2.898101e-03	-4.031185e-04	4.549857e-01	1.820457e-22	9.992584e-01	
9.387642e-04	-5.362709e-03	4.499401e+01	0.000000e+00	0.000000e+00	9.687142e+06	1.000000e-10	3.874857e+06	8.739515e-01	0.000000e+00	3.000070e+02	1.845949e-05	4.368447e-03	-2.516390e-04	5.524809e-01	1.820474e-22	9.990756e-01	
5.979923e-04	4.291611e-03	4.499390e+01	0.000000e+00	0.000000e+00	9.687128e+06	1.000000e-10	3.874851e+06	8.324838e-01	0.000000e+00	3.000072e+02	1.845950e-05	1.364898e-03	-4.557109e-04	3.159314e-01	1.820453e-22	9.994112e-01	
7.531893e-04	-4.810177e-03	4.499396e+01	0.000000e+00	0.000000e+00	9.687140e+06	1.000000e-10	3.874856e+06	8.663714e-01	0.000000e+00	3.000072e+02	1.845950e-05	2.456575e-03	-4.360829e-04	4.188958e-01	1.820463e-22	9.992584e-01	
4.691284e-04	3.805771e-03	4.499392e+01	0.000000e+00	0.000000e+00	9.687138e+06	1.000000e-10	3.874855e+06	8.615304e-01	0.000000e+00	3.000074e+02	1.845951e-05	2.695032e-04	-4.614676e-04	1.421538e-01	1.820453e-22	9.995381e-01	
5.979923e-04	-4.291611e-03	4.499396e+01	0.000000e+00	0.000000e+00	9.687147e+06	1.000000e-10	3.874859e+06	8.859767e-01	0.000000e+00	3.000074e+02	1.845951e-05	9.539154e-04	-4.708452e-04	2.641178e-01	1.820460e-22	9.994112e-01	
3.629543e-04	3.351289e-03	4.499393e+01	0.000000e+00	0.000000e+00	9.687145e+06	1.000000e-10	3.874858e+06	8.826013e-01	0.000000e+00	3.000076e+02	1.845952e-05	3.903515e-04	-4.479709e-04	1.733749e-01	1.820452e-22	9.996427e-01	
4.691284e-04	-3.805771e-03	4.499397e+01	0.000000e+00	0.000000e+00	9.687154e+06	1.000000e-10	3.874862e+06	9.088972e-01	0.000000e+00	3.000076e+02	1.845952e-05	9.960516e-05	-4.694224e-04	8.642065e-02	1.820459e-22	9.995381e-01	
2.762360e-04	2.926719e-03	4.499393e+01	0.000000e+00	0.000000e+00	9.687152e+06	1.000000e-10	3.874861e+06	9.008868e-01	0.000000e+00	3.000077e+02	1.845953e-05	6.920993e-04	-4.354770e-04	2.341482e-01	1.820451e-22	9.997280e-01	
3.629543e-04	-3.351289e-03	4.499397e+01	0.000000e+00	0.000000e+00	9.687160e+06	1.000000e-10	3.874864e+06	9.241392e-01	0.000000e+00	3.000077e+02	1.845953e-05	7.187651e-04	-4.537064e-04	2.352621e-01	1.820457e-22	9.996427e-01	
2.061140e-04	2.530564e-03	4.499394e+01	0.000000e+00	0.000000e+00	9.687157e+06	1.000000e-10	3.874863e+06	9.169987e-01	0.000000e+00	3.000079e+02	1.845954e-05	7.395706e-04	-4.187903e-04	2.457130e-01	1.820450e-22	9.997971e-01	
2.762360e-04	-2.926719e-03	4.499397e+01	0.000000e+00	0.000000e+00	9.687164e+06	1.000000e-10	3.874866e+06	9.373267e-01	0.000000e+00	3.000079e+02	1.845953e-05	9.868311e-04	-4.401282e-04	2.795942e-01	1.820455e-22	9.997280e-01	
1.500786e-04	2.161300e-03	4.499394e+01	0.000000e+00	0.000000e+00	9.687162e+06	1.000000e-10	3.874865e+06	9.309909e-01	0.000000e+00	3.000080e+02	1.845954e-05	6.391802e-04	-3.982116e-04	2.321041e-01	1.820449e-22	9.998523e-01	
2.061140e-04	-2.530564e-03	4.499397e+01	0.000000e+00	0.000000e+00	9.687168e+06	1.000000e-10	3.874867e+06	9.487296e-01	0.000000e+00	3.000080e+02	1.845954e-05	1.012061e-03	-4.221131e-04	2.874364e-01	1.820454e-22	9.997971e-01	
1.059404e-04	1.817405e-03	4.499395e+01	0.000000e+00	0.000000e+00	9.687166e+06	1.000000e-10	3.874866e+06	9.428568e-01	0.000000e+00	3.000081e+02	1.845955e-05	4.779575e-04	-3.762898e-04	2.041349e-01	1.820448e-22	9.998957e-01	
1.500786e-04	-2.161300e-03	4.499397e+01	0.000000e+00	0.000000e+00	9.687171e+06	1.000000e-10	3.874868e+06	9.582943e-01	0.000000e+00	3.000081e+02	1.845955e-05	9.019835e-04	-4.005377e-04	2.757215e-01	1.820453e-22	9.998523e-01	
7.180327e-05	1.497377e-03	4.499395e+01	0.000000e+00	0.000000e+00	9.687169e+06	1.000000e-10	3.874868e+06	9.526577e-01	0.000000e+00	3.000082e+02	1.845955e-05	3.119587e-04	-3.546422e-04	1.679031e-01	1.820447e-22	9.999293e-01	
1.059404e-04	-1.817405e-03	4.499397e+01	0.000000e+00	0.000000e+00	9.687174e+06	1.000000e-10	3.874870e+06	9.659506e-01	0.000000e+00	3.000082e+02	1.845955e-05	7.419847e-04	-3.779612e-04	2.543432e-01	1.820451e-22	9.998957e-01	
4.602934e-05	1.199749e-03	4.499395e+01	0.000000e+00	0.000000e+00	9.687172e+06	1.000000e-10	3.874869e+06	9.604368e-01	0.000000e+00	3.000083e+02	1.845955e-05	1.672244e-04	-3.340866e-04	1.252857e-01	1.820446e-22	9.999547e-01	
7.180327e-05	-1.497377e-03	4.499397e+01	0.000000e+00	0.000000e+00	9.687176e+06	1.000000e-10	3.874870e+06	9.717227e-01	0.000000e+00	3.000083e+02	1.845955e-05	5.835948e-04	-3.558852e-04	2.296498e-01	1.820450e-22	9.999293e-01	
2.721276e-05	9.231024e-04	4.499394e+01	0.000000e+00	0.000000e+00	9.687174e+06	1.000000e-10	3.874870e+06	9.663914e-01	0.000000e+00	3.000084e+02	1.845956e-05	5.054887e-05	-3.147814e-04	7.027804e-02	1.820444e-22	9.999732e-01	
4.602934e-05	-1.199749e-03	4.499396e+01	0.000000e+00	0.000000e+00	9.687177e+06	1.000000e-10	3.874871e+06	9.755889e-01	0.000000e+00	3.000083e+02	1.845956e-05	4.468801e-04	-3.349813e-04	2.048081e-01	1.820448e-22	9.999547e-01	
1.415063e-05	6.660730e-04	4.499394e+01	0.000000e+00	0.000000e+00	9.687175e+06	1.000000e-10	3.874870e+06	9.709065e-01	0.000000e+00	3.000084e+02	1.845956e-05	3.712948e-05	-2.968047e-04	6.152097e-02	1.820442e-22	9.999861e-01	
2.721276e-05	-9.231024e-04	4.499396e+01	0.000000e+00	0.000000e+00	9.687178e+06	1.000000e-10	3.874871e+06	9.777395e-01	0.000000e+00	3.000084e+02	1.845956e-05	3.321137e-04	-3.153566e-04	1.801388e-01	1.820446e-22	9.999732e-01	
5.818606e-06	4.273592e-04	4.499393e+01	0.000000e+00	0.000000e+00	9.687177e+06	1.000000e-10	3.874871e+06	9.746472e-01	0.000000e+00	3.000085e+02	1.845957e-05	9.324653e-05	-2.801993e-04	9.969739e-02	1.820440e-22	9.999943e-01	
1.415063e-05	-6.660730e-04	4.499395e+01	0.000000e+00	0.000000e+00	9.687178e+06	1.000000e-10	3.874871e+06	9.785993e-01	0.000000e+00	3.000085e+02	1.845956e-05	2.359913e-04	-2.971726e-04	1.551000e-01	1.820443e-22	9.999861e-01	
1.346917e-06	2.057247e-04	4.499393e+01	0.000000e+00	0.000000e+00	9.687178e+06	1.000000e-10	3.874871e+06	9.789098e-01	0.000000e+00	3.000086e+02	1.845957e-05	1.154938e-04	-2.649388e-04	1.135978e-01	1.820438e-22	9.999987e-01	
5.818606e-06	-4.273592e-04	4.499394e+01	0.000000e+00	0.000000e+00	9.687178e+06	1.000000e-10	3.874871e+06	9.790408e-01	0.000000e+00	3.000085e+02	1.845957e-05	1.618126e-04	-2.805744e-04	1.313329e-01	1.820440e-22	9.999943e-01	
0.000000e+00	0.000000e+00	4.499392e+01	0.000000e+00	0.000000e+00	9.687180e+06	1.000000e-10	3.874872e+06	9.841197e-01	0.000000e+00	3.000087e+02	1.845957e-05	1.131241e-04	-2.595025e-04	1.148830e-01	1.820436e-22	1.000000e+00	
1.346917e-06	-2.057247e-04	4.499393e+01	0.000000e+00	0.000000e+00	9.687179e+06	1.000000e-10	3.874872e+06	9.806188e-01	0.000000e+00	3.000086e+02	1.845957e-05	1.194409e-04	-2.652331e-04	1.155226e-01	1.820438e-22	9.999987e-01	
2	1
3	2
1	4
5	3
4	6
7	5
6	8
9	7
8	10
11	9
10	12
13	11
12	14
15	13
14	16
17	15
16	18
19	17
18	20
21	19
20	22
23	21
22	24
25	23
24	26
27	25
26	28
29	27
28	30
31	29
30	32
33	31
32	34
35	33
34	36
37	35
36	38
39	37
38	40
41	39
40	42
43	41
42	44
45	43
44	46
47	45
46	48
49	47
48	50
51	49
50	52
53	51
52	54
55	53
54	56
57	55
56	58
59	57
58	60
61	59
60	62
63	61
62	64
65	63
64	66
67	65
66	68
69	67
68	70
71	69
70	72
73	71
72	74
75	73
74	76
77	75
76	78
79	77
78	80
81	79
80	82
83	81
82	84
85	83
84	86
87	85
86	88
89	87
88	90
91	89
90	92
93	91
92	94
95	93
94	96
97	95
96	98
99	97
98	100
101	99
100	102
103	101
102	104
105	103
104	106
107	105
106	108
109	107
108	110
111	109
110	112
113	111
112	114
115	113
114	116
117	115
116	118
119	117
118	120
121	119
120	122
123	121
122	124
125	123
124	126
127	125
126	128
129	127
128	130
131	129
130	132
133	131
132	134
135	133
134	136
137	135
136	138
139	137
138	140
141	139
140	142
143	141
142	144
145	143
144	146
147	145
146	148
149	147
148	150
151	149
150	152
153	151
152	154
155	153
154	156
157	155
156	158
159	157
158	160
161	159
160	162
163	161
162	164
165	163
164	166
167	165
166	168
169	167
168	170
171	169
170	172
173	171
172	174
175	173
174	176
177	175
176	178
179	177
178	180
181	179
180	182
183	181
182	184
185	183
184	186
187	185
186	188
189	187
188	190
191	189
190	192
193	191
192	194
195	193
194	196
197	195
196	198
199	197
198	200
201	199
200	202
203	201
202	204
205	203
204	206
207	205
206	208
209	207
208	210
211	209
210	212
213	211
212	214
215	213
214	216
217	215
216	218
219	217
218	220
221	219
220	222
223	221
222	224
225	223
224	226
227	225
226	228
229	227
228	230
231	229
230	232
233	231
232	234
235	233
234	236
237	235
236	238
239	237
238	240
241	239
240	242
243	241
242	244
245	243
244	246
247	245
246	248
249	247
248	250
251	249
250	252
253	251
252	254
255	253
254	256
256	255
